russian 0.033725 0.070442 0.180771 0.301392 0.17898 0.512431 0.109968 0.006941 -0.067071 -0.496944 0.293884 -0.614966 -0.174196 0.093778 -0.057971 -0.019854 0.462492 0.336171 -0.267264 -0.341756 -0.182193 0.302813 -0.325399 0.119123 -0.169531 -0.262324 0.434633 -0.158196 0.172955 -0.169232 -0.168238 -0.104981 
clear -0.02888 0.359714 -0.132314 0.338405 0.297073 0.149154 0.270546 0.124174 -0.410233 0.065676 0.353537 -0.551739 -0.250944 -0.021974 0.090584 -0.196276 0.477907 0.05921 -0.35763 -0.110538 -0.274528 0.071073 0.141385 0.052361 -0.252524 -0.144397 0.140239 0.408908 0.346867 0.248397 -0.379873 0.026207 
english 0.193309 0.10998 -0.240711 -0.433992 -0.159352 -0.252359 -0.055842 0.295383 -0.30558 0.180313 0.661073 -0.688002 0.147207 0.578042 -0.092009 -0.17972 0.038377 -0.020697 0.167937 0.047065 -0.083704 0.38387 0.227785 -0.09027 0.34483 -0.174189 0.23903 -0.005287 0.292879 -0.087103 0.56822 0.417261 
safe 1.3e-05 0.182833 0.092634 0.260092 0.206178 0.028055 0.255848 0.135319 -0.242702 -0.093046 0.146651 -0.263022 -0.215561 0.10971 0.000992 -0.294246 0.343886 0.015233 -0.438864 0.044771 -0.45048 -0.056843 0.280146 0.148334 0.007656 -0.476807 0.110979 0.123538 -0.119595 -0.12672 0.022288 -0.14377 
excellent -0.194633 0.240834 -0.002279 0.106933 0.257331 0.249388 0.287421 -0.148617 -0.103813 0.386786 -0.039073 -0.136276 0.145467 0.079917 0.068916 -0.380148 0.2309 -0.150122 0.148247 -0.295825 -0.254038 -0.263826 0.202931 -0.59967 0.001916 -0.389628 0.190648 -0.175415 0.311228 0.230411 -0.2653 0.048201 
little -0.523138 0.293631 -0.102067 0.411754 0.167994 0.489048 0.064488 0.166626 -0.46195 0.252926 -0.052039 -0.591895 -0.215294 0.259395 -0.268424 -0.141355 0.321543 -0.197751 -0.159696 -0.097778 -0.018752 -0.329853 0.175044 -0.117486 -0.017776 -0.048511 0.321723 0.079221 0.079281 -0.025293 -0.589297 -0.241739 
pineapple 0.44357 -0.028626 -0.23451 0.028534 -0.365556 -0.283191 0.2114 -0.067787 -0.296074 -0.766703 -0.261407 0.664752 0.166572 0.318972 -0.547168 -0.342298 0.546473 0.329706 0.056135 0.032165 0.161732 0.075046 0.584129 -0.704915 0.394165 -0.262468 0.160246 0.018971 -0.636942 -0.382388 -0.303225 -0.573997 
white 0.11773 0.209318 -0.392003 0.144264 -0.125856 0.239979 0.109551 0.03762 -0.372025 -0.879001 -0.20377 -0.248717 -0.143285 0.222215 -0.316876 -0.151687 0.804985 0.17566 -0.022763 -0.348058 0.281782 0.049902 0.463685 -0.05591 -0.097332 -0.278545 -0.255608 -0.019527 -0.065876 -0.471266 0.057186 0.01061 
strawberry 0.372953 0.024348 -0.444398 0.081714 -0.186852 -0.367559 0.115646 -0.122723 -0.462934 -0.228222 -0.261489 0.164298 0.229271 0.24878 -0.50812 -0.558202 0.363696 -0.144157 0.432078 0.081656 0.265639 -0.007769 0.296602 -0.639482 0.280965 -0.242068 -0.219529 -0.015485 -0.344727 -0.305445 -0.095266 -0.377137 
potato 0.404271 0.147061 -0.126389 0.030848 -0.263518 -0.258024 0.29624 0.078953 -0.290525 -0.629015 -0.259002 0.322712 0.026639 0.280715 -0.304009 -0.308254 0.710576 0.28232 0.115333 -0.078613 0.10562 0.030778 0.584258 -0.540985 0.278088 -0.087044 0.246331 0.079861 -0.520847 -0.259402 -0.485439 -0.476509 
close -0.618088 0.220388 -0.034654 0.200145 -0.057677 0.479671 0.220993 -0.02558 -0.397559 -0.213652 -0.328835 -0.714227 0.156864 0.4771 0.085367 0.028776 -0.209286 0.074403 0.186209 -0.590444 0.192492 0.254438 0.15908 0.412913 0.006646 0.265125 0.194863 -0.025474 0.097464 -0.056039 -0.348759 -0.023912 
complex -0.044096 -0.140526 -0.020471 0.294356 0.217957 0.293048 0.359769 0.104161 -0.086231 0.043007 -0.05951 -0.057735 0.055443 0.139713 0.111444 -0.168371 -0.054661 0.027435 -0.140172 -0.472244 -0.438612 0.169315 0.175402 -0.136618 -0.194631 -0.352802 0.032527 0.018577 -0.139661 -0.228469 -0.222944 -0.260239 
musical 0.362853 -0.154631 -0.018572 0.030163 -0.224129 -0.347361 0.262706 0.212661 -0.267023 0.279169 0.215491 -0.097682 0.621424 0.427684 -0.110089 -0.304441 0.087853 -0.142902 0.356014 0.52386 -0.005049 -0.045038 0.027459 -0.416064 -0.124131 0.028741 0.077465 -0.797112 0.299706 -0.409459 -0.300255 0.034297 
digital 0.196787 -0.211577 0.703947 0.533205 0.080373 -0.155266 0.531472 -0.157223 0.225545 -0.002613 0.081792 -0.123157 0.659575 0.09671 0.115701 0.068819 -0.499588 0.228205 0.462107 -0.063154 -0.565195 -0.087987 0.035935 0.023067 -0.110789 -0.54326 0.095559 0.152153 0.245565 -0.436514 -0.799189 0.355175 
sword -0.170081 0.113481 0.290944 0.242954 0.000563 -0.666485 0.236736 -0.215039 -0.618875 -0.175771 0.146415 -0.406474 -0.075381 -0.566505 0.116012 -0.545476 -0.049971 0.206369 0.075175 0.277227 0.149609 0.167795 -0.153689 0.13448 0.639252 0.025383 -0.121522 -0.346608 -0.244523 -0.295181 0.095751 -0.642354 
dolphin 0.446124 -0.285973 -0.007133 0.066356 -0.032829 -0.156918 -0.22358 -0.037676 -0.21003 -0.277675 -0.05796 -0.101802 0.211595 0.175424 0.05747 -0.375292 -0.062453 -0.133932 -0.216486 -0.025355 0.008341 0.170262 0.130142 -0.335851 0.485004 -0.554431 -0.075929 -0.088018 -0.195034 -0.0713 0.001735 -0.275234 
square 0.185804 0.101765 0.064168 0.402684 0.260437 0.632267 0.424396 -0.199788 -0.345639 0.120398 -0.321465 -0.118368 0.049065 0.325401 -0.065366 -0.085287 -0.223037 0.033358 0.293805 -0.286825 -0.387238 0.350881 -0.011304 0.031152 0.064133 -0.364366 -0.471096 0.042017 -0.077022 -0.348314 0.465153 -0.665839 
library 0.3781 -0.093349 0.132121 0.414824 -0.150838 0.170147 0.427768 0.238807 -0.324319 0.385372 0.23527 0.38353 0.368203 0.268032 0.513454 0.068894 -0.327643 -0.064744 0.138359 -0.212039 -0.092919 0.243624 0.37458 -0.217044 -0.149445 -0.208392 -0.152462 -0.302705 -0.09751 -0.61711 0.269365 0.359552 
pub 0.555023 0.381045 -0.541587 0.22832 -0.091809 -0.046659 0.28409 0.173135 -0.499141 0.128134 0.261208 0.325347 0.251484 0.379625 -0.228865 -0.438531 -0.407453 -0.041033 0.243305 -0.250129 0.115475 -0.172568 0.020125 0.085236 0.411713 0.010135 -0.045566 0.18015 -0.12798 -0.295771 0.071714 -0.163184 
detailed 0.183012 0.228104 0.113218 0.269255 0.080739 0.187251 -0.013918 0.459308 -0.310094 -0.13687 0.041242 -0.19274 0.020123 -0.025914 0.786896 -0.076006 0.132466 0.076015 0.121124 -0.214803 -0.350968 0.229289 0.186272 -0.39738 -0.194927 -0.245317 0.244691 -0.005466 0.411735 -0.287704 -0.35896 0.231867 
turtle 0.513471 -0.202242 0.15926 0.04776 -0.334881 -0.377303 -0.017101 -0.046272 -0.736887 -0.262902 -0.308457 -0.112711 0.282913 0.006905 -0.182389 -0.522017 0.194194 -0.00158 -0.128624 -0.017318 0.130847 0.068199 0.024701 -0.289554 0.440511 -0.417699 -0.208718 -0.047555 -0.48902 -0.043554 -0.09546 -0.458767 
desk -0.476597 0.081123 0.410632 1.390414 -0.433817 -0.327901 -0.960534 0.397066 0.392032 0.092668 -0.930814 -0.00281 -1.040541 0.771306 -0.310192 0.147289 0.329488 -0.306399 0.478146 -1.2065 0.356104 0.280712 0.906083 1.020975 1.120868 -0.769699 -1.301551 -0.56613 -0.528791 -0.568567 -0.580743 0.90548 
huge -0.082019 0.35345 -0.037948 0.462535 0.312772 0.23661 0.254969 0.115557 -0.047066 -0.086013 0.137655 -0.436963 0.054618 0.179401 -0.006303 -0.206868 0.223447 0.062989 -0.077123 -0.1504 -0.496731 -0.134153 -0.02327 -0.18908 0.136252 -0.262531 0.180208 0.086494 -0.130395 0.037879 -0.289461 -0.382115 
official 0.166432 0.290757 0.224702 0.328908 0.424015 0.730802 -0.309 0.402255 -0.315483 -0.374141 0.250366 -0.737804 -0.10763 0.089253 -0.249831 0.078131 0.043649 0.263433 -0.307211 -0.742539 -0.049373 0.343718 -0.054562 -0.252444 -0.12829 -0.063756 0.148511 -0.098204 0.134333 -0.067885 -0.157155 0.297504 
short -0.627611 0.206409 -0.05464 0.373937 0.236952 0.396267 -0.02569 0.177113 -0.449477 0.027165 0.078485 -0.585241 -0.11279 0.366841 -0.092527 0.015041 0.164393 -0.033381 0.130745 -0.095484 0.11318 -0.362982 0.238131 -0.061402 -0.036699 -0.287659 0.334213 0.130503 0.015526 -0.033024 -0.274671 -0.278638 
dress 0.132025 0.314829 -0.21222 -0.23645 -0.077967 -0.437335 0.518151 0.140381 -0.790675 -0.389252 -0.004717 0.057727 0.061153 0.242455 -0.252596 -0.566813 0.175777 0.063976 0.079104 0.263188 -0.140756 -0.12354 0.011926 0.10538 0.216971 8.4e-05 0.097875 -0.296698 -0.08801 -0.742661 0.206928 -0.042225 
accessible 0.149372 0.068427 0.212742 0.170385 -0.222188 0.229921 0.352952 0.230596 -0.573781 0.610704 -0.044982 0.296999 0.435965 0.087056 0.102304 -0.261543 -0.04772 0.214663 0.085325 0.106684 -0.619547 0.097785 0.225623 -0.091043 -0.195987 -0.69936 0.248473 0.167177 -0.081464 -0.07447 -0.138956 -0.091139 
poor -0.349555 0.202665 -0.022497 0.527888 0.470672 0.223128 0.048517 0.226727 0.085901 -0.041659 -0.019806 -0.37215 -0.293256 0.369764 -0.03777 -0.078605 0.112311 -0.136093 0.210183 -0.085243 -0.359919 -0.357771 0.087796 -0.381756 0.417689 -0.235208 0.339698 -0.109463 0.102302 0.113915 -0.130018 -0.061233 
rabbit 0.386729 0.163971 0.18758 0.144383 -0.109409 -0.434218 -0.073216 0.05036 -0.526012 -0.434776 0.031529 0.061637 0.136507 -0.026385 -0.329032 -0.649173 0.245901 -0.075301 0.281684 0.303931 0.178285 -0.143901 -0.034442 -0.224044 0.504447 -0.310631 -0.288664 -0.277805 -0.383002 -0.24613 -0.158935 -0.314896 
radio 0.612485 -0.228952 0.293676 0.693313 0.245227 0.477037 0.287307 0.07722 -0.249738 -0.276785 0.138928 -0.44197 0.2233 0.194136 -0.455536 0.118451 -0.025242 0.017649 -0.123437 -0.123715 -0.441349 0.275996 -0.382739 0.178424 -0.328174 -0.129478 -0.165148 -0.001303 0.205122 -0.198006 -0.213795 0.551208 
sparrow 0.459191 -0.346847 0.122958 -0.076945 -0.055814 -0.432937 -0.088408 0.034719 -0.48999 -0.27515 -0.154926 -0.37517 0.253356 -0.199718 -0.181628 -0.558244 0.306559 -0.12154 -0.054361 0.39919 0.178334 -0.004869 -0.055058 0.025837 0.514785 -0.445751 0.030463 -0.36029 -0.235395 -0.110056 -0.186201 -0.156666 
battleship 0.166847 -0.977878 0.561741 -0.20718 0.091926 -0.228861 -0.161614 -0.026676 -0.026673 0.138678 0.172947 -0.659183 0.05908 -0.011664 0.293765 -0.473566 -0.204293 -0.115744 -0.615074 0.142251 0.428677 0.170229 -0.199559 0.207312 0.884052 -0.535335 0.525656 0.000796 0.068412 -0.532066 -0.034885 -0.206175 
hammer 0.108175 -0.012929 -0.039161 0.124049 0.180907 -0.310068 0.194384 -0.132838 -0.237439 -0.291147 0.048075 -0.472034 0.185713 -0.297559 0.003193 -0.494687 0.233568 0.172195 0.098903 0.155638 0.039839 -0.04282 -0.104112 0.178996 -0.032797 -0.189173 -0.001449 -0.165146 0.049979 -0.485521 -0.177837 -0.283563 
independent 0.262401 0.065216 -0.012922 0.560326 0.261764 0.207977 0.423441 0.34975 -0.014202 -0.152979 0.004258 -0.359102 0.015293 0.178774 -0.027568 0.149904 0.268306 0.152049 -0.154965 -0.399596 -0.340455 0.172649 0.180148 -0.184294 -0.026024 -0.108526 0.04171 0.170564 0.143196 -0.015306 0.070865 0.421571 
double -0.041684 0.544966 0.117276 0.080617 0.251163 0.15605 0.256873 -0.183594 -0.01004 -0.001771 -0.049584 -0.575922 0.330613 0.065779 0.102912 -0.065568 0.144691 0.00497 0.248288 -0.299706 -0.030495 -0.071466 0.051291 -0.35077 -0.000162 -0.547848 -0.004687 0.199853 0.410538 -0.111482 -0.051896 -0.330485 
knife -0.010217 0.194428 -0.027335 0.132022 0.31176 -0.32302 0.141739 -0.180454 -0.638387 -0.359982 -0.015014 -0.25769 0.154772 -0.426403 -0.237089 -0.87217 0.043073 -0.079645 -0.158081 0.34562 0.109009 0.01574 -0.140325 0.26605 0.281314 -0.146471 -0.071879 -0.112807 -0.246293 -0.502593 0.001541 -0.360674 
tanker 0.000959 -0.569779 0.347604 -0.193886 0.239307 0.699485 -0.300645 -0.209016 0.012125 -0.701589 0.189047 -0.399859 -0.011372 0.301256 0.24585 -0.541257 -0.013081 0.343336 -0.442082 -0.081756 0.015321 0.457626 0.308942 -0.138277 0.316413 -0.751005 0.493952 0.202065 -0.08938 -0.541068 -0.618675 -0.386718 
perfect -0.072354 0.224638 0.090476 0.003662 0.073391 -0.445461 0.231751 -0.19561 -0.471167 0.315828 0.063282 -0.294464 0.020664 -0.056011 -0.016298 -0.526031 0.169797 -0.107005 0.064136 0.034473 -0.095078 -0.03763 0.073244 -0.226682 -0.095463 -0.214848 -0.077616 -0.071339 0.276574 -0.099825 -0.150575 -0.157907 
hat 0.095762 0.039543 -0.093741 0.006407 0.079195 -0.425516 0.045866 -0.514146 -0.800546 -0.232955 0.030963 -0.064962 0.198414 -0.109459 -0.486589 -0.492162 0.099971 0.117797 0.191378 -0.041171 0.360188 -0.048044 -0.0427 0.114601 0.055621 0.026262 -0.020045 -0.217737 -0.053862 -0.440429 0.046318 -0.112271 
personal 0.146187 0.473361 0.110696 0.725376 -0.13015 0.047268 0.072009 0.036154 0.248599 0.050592 0.044395 -0.141709 0.204001 -0.118636 0.275498 -0.261727 -0.07034 -0.00845 0.134554 -0.300699 -0.457352 -0.47691 -0.027763 0.090491 0.182956 -0.113695 0.378659 0.047594 0.377773 -0.334195 -0.116627 0.291357 
total -0.251467 0.588669 0.292193 0.275992 -0.082837 0.543357 -0.278211 0.061912 0.350604 -0.251364 -0.074403 0.133567 0.379967 0.193237 -0.023191 0.352368 -0.025835 -0.113643 0.088579 -0.365537 -0.285041 -0.038076 0.128377 -0.294891 0.598362 -0.144415 -0.039134 0.369603 0.535049 -0.134437 0.130855 -0.334327 
violin -0.027482 -0.174709 -0.22126 -0.355697 0.265028 -0.460361 0.081753 -0.029904 -0.153498 0.40524 0.415175 0.204364 1.042716 0.226676 -0.588682 -0.218696 0.301693 -0.185653 0.297127 0.707821 0.433716 0.294976 -0.206439 -0.205628 -0.320016 0.227412 0.386853 -0.793229 0.489732 -0.711943 -0.208962 0.023045 
formal 0.123247 0.211204 -0.171864 0.301069 0.272812 0.014706 0.447449 0.381158 -0.304195 -0.207532 0.314129 -0.523036 -0.127336 0.138751 0.435719 0.009453 0.187066 0.140891 -0.298896 -0.193691 -0.209859 0.408641 0.128335 -0.078282 -0.370734 0.002919 0.27965 -0.021433 0.43049 -0.249083 0.020507 0.31731 
wardrobe 0.403957 0.400823 0.124277 0.282521 -0.165675 -0.44787 0.244132 0.198606 -0.553439 -0.026919 0.21781 0.20619 0.086668 -0.010068 -0.01504 -0.562189 -0.016674 -0.0403 0.141391 0.351851 0.331362 -0.170504 -0.131157 -0.017373 0.544002 -0.17596 -0.251126 -0.563918 -0.120774 -0.536554 -0.103189 -0.214791 
technical -0.612765 -0.136247 -0.03819 0.379755 0.487821 0.399073 -0.001238 0.070278 -0.168318 0.199128 0.063134 -0.288736 -0.061021 0.312734 0.120922 -0.156145 0.106807 -0.210791 -0.017189 -0.454936 -0.171225 -0.29082 0.188817 -0.103842 -0.098356 0.01985 0.3726 -0.108513 0.092674 -0.245156 -0.687581 0.218191 
free -0.018691 0.40415 -0.009609 0.431906 -0.069674 0.041729 0.107214 -0.015936 -0.045478 -0.302016 0.032915 -0.531925 -0.062868 0.318926 0.131552 -0.021783 0.399188 0.270784 0.013847 -0.171287 -0.462077 0.091047 0.36721 -0.036957 -0.134573 -0.17325 0.251147 0.055316 0.078722 -0.19348 0.108958 0.12063 
academic -0.148133 -0.156124 0.30968 0.175234 0.03642 0.047061 0.694401 0.195782 -0.115347 0.354134 0.173477 0.254262 0.041824 0.435156 0.311479 -0.160621 0.234412 -0.299059 -0.01466 -0.344723 -0.250364 0.028363 0.032623 -0.563879 -0.198191 0.097915 0.207857 -0.633931 0.312073 -0.208248 0.517396 0.572562 
sofa 0.116313 0.225499 -0.170634 0.406182 0.161289 -0.04106 0.27771 -0.248248 -0.763157 -0.232633 0.0842 0.15165 0.157048 0.032204 -0.317675 -0.573395 0.117485 -0.015971 0.015486 0.436282 0.247952 0.141354 -0.206705 0.216969 0.059596 -0.046435 -0.082808 -0.173325 -0.209599 -0.504071 -0.138434 -0.089854 
lime 0.264841 -0.060548 -0.504575 -0.274466 0.077739 -0.297838 0.280538 0.063895 -0.284945 -0.586666 -0.409329 0.581749 0.316721 0.154288 -0.090295 -0.676675 0.300423 0.124081 0.183755 -0.017784 0.204406 0.052266 0.402874 -0.337532 0.200832 -0.303757 0.079602 0.134541 -0.242767 -0.380811 -0.374031 -0.717574 
unique 0.071488 -0.019843 0.16226 0.053262 -0.120651 -0.371784 0.461481 0.078842 -0.352461 0.288366 -0.051703 0.033349 0.197137 0.043575 0.08464 -0.206166 0.071932 0.047025 0.208277 0.011913 -0.529954 -0.027211 0.022785 -0.366038 -0.024286 -0.227206 0.155373 -0.129441 0.151755 -0.110895 -0.115107 -0.071724 
poplar 0.56679 -0.313245 -0.439736 -0.019476 0.023059 -0.148187 0.113504 0.365988 -0.502306 -0.070314 -0.480362 0.60426 0.333018 0.484278 -0.134854 -0.53059 0.416971 -0.240961 0.024513 -0.147767 0.308401 0.393825 0.328604 -0.000969 0.360599 -0.351883 -0.366952 0.300757 -0.751013 -0.068501 0.233664 -0.566573 
numerous 0.011961 -0.125145 -0.13218 0.169177 -0.219114 0.231826 0.429273 0.362586 -0.009163 -0.051236 0.121338 -0.143393 0.059988 0.108592 -0.007447 -0.190943 0.284127 -0.324571 0.261712 0.145492 -0.532507 0.107153 -0.282111 -0.373974 0.04891 -0.285878 0.282262 -0.219293 0.045084 -0.229888 -0.01081 0.206048 
international 0.086563 0.119577 0.029079 0.458851 0.425156 0.017184 0.000199 0.079075 0.163889 -0.229364 0.109754 -0.555284 0.150303 0.441892 0.037338 -0.016962 0.068967 0.175548 -0.097064 -0.528751 -0.425534 0.136715 0.016999 -0.175147 0.259432 -0.1168 0.147467 -0.087518 0.162158 0.119626 -0.334665 0.409716 
squirrel 0.306937 0.019168 0.202478 0.004739 -0.180131 -0.439985 0.007372 0.075411 -0.549447 -0.433118 -0.23737 -0.012659 0.244072 -0.108611 -0.249562 -0.676411 0.303523 -0.277252 0.167991 0.196483 0.033036 -0.082297 -0.026899 -0.205452 0.574227 -0.508945 -0.264651 -0.06293 -0.666857 0.024245 -0.063848 -0.316386 
bull -0.315842 0.123683 -0.47108 0.211749 0.349238 -0.026151 0.123634 -0.110259 -0.232933 0.019963 -0.296367 -0.439388 -0.436162 0.245126 -0.110868 -0.172212 0.254409 -0.270626 0.406144 -0.228753 0.087444 -0.317206 0.454708 -0.080039 0.443848 0.01759 0.155307 0.079518 -0.094863 -0.160342 -0.257208 -0.493104 
traditional -0.041482 0.236735 -0.05439 0.260269 -0.068719 -0.064667 0.438111 0.236116 -0.227857 -0.055981 -0.103299 -0.176544 0.100357 0.472769 -0.063654 -0.053923 0.318813 0.100005 0.135196 -0.063385 -0.478987 -0.085983 0.023095 -0.193522 -0.010719 -0.187881 0.375094 -0.223138 -0.073481 -0.165118 -0.087845 -0.171905 
current -0.202124 0.527793 0.433865 0.002945 0.007477 0.326946 -0.148263 0.638973 -0.126473 -0.039411 0.020365 -0.307583 0.649854 0.311306 0.11288 0.224958 0.198274 -0.060808 -0.403308 -0.50539 -0.133768 -0.252625 0.153919 -0.121072 0.156383 -0.003353 -0.128906 0.189798 0.695968 -0.023499 -0.233762 -0.485446 
western 0.085584 -0.150372 -0.081205 0.228635 -0.122743 0.248154 0.0961 0.006341 0.161915 -0.16127 -0.227015 -0.542437 -0.030452 0.536345 0.018888 -0.122897 0.502539 0.198687 -0.206869 -0.466917 -0.341679 0.393724 0.166835 -0.142346 0.123914 -0.352525 0.082445 0.131296 0.089943 0.197192 -0.13531 -0.115425 
useful -0.213174 0.144341 0.318624 -0.024124 -0.028546 -0.106866 0.273161 0.197294 -0.445737 0.280273 0.119094 0.096379 -0.108248 -0.34303 0.309584 -0.389219 0.274137 -0.038529 -0.155082 0.019078 -0.455696 -0.054518 0.298166 -0.229214 -0.19685 -0.422554 0.326528 0.173524 0.297575 -0.002886 -0.46575 0.204809 
historic 0.22602 -0.001143 -0.195219 0.109975 -0.017464 0.606607 0.418141 0.33069 -0.454162 0.502681 0.020863 -0.450882 0.225992 0.282134 0.428419 -0.264846 0.092762 -0.052105 0.094857 -0.37908 -0.260345 0.228501 0.3692 -0.052487 -0.35472 0.265344 -0.122759 0.11971 -0.062484 0.215114 0.176087 -0.327833 
notable 0.292048 -0.084934 0.046851 -0.163488 -0.327834 0.095866 0.326624 0.291401 -0.429622 0.275021 0.079013 -0.02659 -0.05502 0.022559 -0.058012 -0.091743 0.187454 -0.405123 0.49032 0.119614 -0.142419 -0.071941 0.157803 -0.364684 0.203146 -0.042031 0.215538 0.076649 0.096301 0.144344 -0.13853 0.109853 
normal -0.376874 0.315227 0.262748 0.175161 0.123336 0.289786 0.07132 -0.036704 -0.279067 0.091285 -0.225052 -0.319675 -0.091577 0.292639 0.13552 -0.208767 0.247116 -0.266665 -0.12963 -0.33492 0.02621 0.031481 0.198742 -0.112927 -0.409366 -0.731935 0.281092 0.088671 0.058189 -0.220208 -0.264269 -0.331328 
irish 0.281293 0.220746 -0.26433 0.127923 0.287102 0.194074 0.258621 0.481871 -0.241498 -0.101973 -0.070464 -0.715109 0.243205 0.293168 -0.008625 0.021608 0.580229 0.100672 0.141232 -0.179881 -0.006506 0.00191 -0.095148 0.122229 0.168126 -0.068746 0.266482 0.074878 0.22675 0.078641 0.234004 0.119429 
various -0.080832 0.173216 -0.128662 0.401815 0.005824 0.099357 0.219588 0.328219 0.051917 -0.210889 -0.003204 -0.118715 0.117789 0.270534 0.154326 0.10494 0.154361 -0.045499 0.078145 -0.094527 -0.697714 0.066828 -0.022752 -0.246383 0.061859 -0.47913 0.340577 -0.016017 0.088485 -0.304439 -0.090652 0.28327 
advanced -0.350265 -0.051845 0.258375 0.085752 0.052294 0.070676 0.473428 -0.155061 0.224176 -0.01894 -0.225453 -0.234779 0.221152 0.105986 0.166377 -0.018853 -0.162064 -0.103788 0.069753 -0.667425 -0.375922 0.022646 -0.050902 -0.021354 0.12402 -0.384646 0.345749 -0.127688 0.297428 -0.04934 -0.293813 0.188934 
pig 0.382319 0.22397 0.072634 -0.114722 -0.117015 -0.102266 -0.09515 -0.082138 -0.436287 -0.80003 -0.166359 0.105792 0.068334 0.113801 -0.202919 -0.385119 0.396302 0.038477 0.120049 -0.037952 -0.084285 -0.068274 0.323064 -0.350046 0.358523 -0.225917 0.041507 -0.254888 -0.244695 -0.282975 -0.290543 -0.582506 
hot 0.005442 0.093904 -0.252786 0.174625 0.183282 -0.107032 0.104609 -0.130528 -0.346333 -0.461511 -0.377836 -0.365914 0.064896 0.422354 -0.449378 -0.428828 0.167326 0.036033 0.156266 0.064445 -0.146867 -0.215935 0.336742 -0.331053 -0.071842 -0.352535 0.040595 0.03359 0.123175 -0.284151 -0.222971 -0.409089 
religious 0.003641 0.109777 0.072879 0.457098 -0.170854 -0.062273 0.661698 0.563376 -0.338791 0.034502 -0.11832 0.126711 -0.348372 0.238892 0.089568 -0.035062 0.395213 -0.160399 -0.160528 0.147342 -0.61873 0.541034 -0.149753 -0.036173 -0.076097 0.540556 0.30258 -0.43715 0.099079 -0.257685 0.452643 0.092647 
foreign -0.128968 0.478191 0.247128 0.684271 0.314894 0.438847 -0.268857 0.309451 -0.315575 -0.468896 0.332087 -0.427159 0.185814 0.499277 -0.14156 0.185297 0.335652 0.4299 -0.210856 -0.315202 -0.306827 -0.060376 -0.198042 -0.104801 0.164608 0.111772 0.606857 -0.127402 -0.013087 0.155662 -0.088221 0.323173 
heavy -0.419183 -0.111489 -0.135034 0.232482 0.32172 0.657055 0.138155 0.039713 0.052787 -0.28078 -0.245888 -0.563665 0.035433 0.280077 -0.156394 -0.153557 0.076687 -0.033042 0.008613 -0.25298 -0.294119 -0.092771 -0.012341 0.047159 0.28859 -0.122544 0.384399 0.123768 -0.180067 -0.261114 -0.557778 -0.505268 
leading 0.163351 0.235047 -0.175143 0.30091 -0.037282 0.385635 0.187039 0.125853 -0.085901 -0.383942 -0.120364 -0.217344 0.037247 0.47722 -0.244545 -0.113018 0.087998 -0.037248 0.479812 -0.664435 -0.417623 0.16739 -0.603209 -0.084691 0.012629 0.260686 0.497014 0.225768 0.169135 0.238855 -0.341344 0.489668 
extra -0.162336 0.568864 0.165519 0.229113 0.206251 0.344432 0.115777 -0.15238 -0.148615 -0.165749 0.144315 -0.490201 0.296677 0.100354 0.294588 -0.167526 0.187869 0.196445 -0.072252 -0.011979 -0.281617 -0.058885 0.249171 -0.187127 -0.109226 -0.659721 0.206064 0.196163 0.281595 -0.311353 -0.05025 -0.204209 
rural 0.313797 0.081855 0.04246 0.612692 0.043483 0.328596 0.138711 0.480723 0.096952 0.067123 -0.189303 0.303396 0.143378 0.600565 -0.116517 -0.044475 0.098207 -0.16751 -0.102253 -0.345664 -0.563088 -0.117691 0.090343 -0.105247 0.103755 -0.176184 0.316338 0.224006 -0.139251 0.22217 0.474636 -0.171996 
pistol -0.103853 -0.257132 0.264506 -0.41606 0.410964 -0.102336 0.367594 -0.055994 -0.409328 -0.304317 0.197773 -0.334783 -0.052429 -0.52024 -0.272063 -0.860384 -0.157984 0.059454 0.022427 0.223661 0.025314 -0.217128 -0.134591 0.361212 0.435602 -0.300682 0.040641 0.229216 0.122687 -0.777783 0.134191 -0.144359 
multiple -0.222384 0.109885 0.286203 0.139087 -0.016917 -0.118877 0.280454 0.147461 -0.104785 -0.10843 -0.089299 -0.06527 0.157341 -0.314836 0.16033 -0.166964 -0.131246 -0.294321 0.336193 -0.049501 -0.557173 0.1398 -0.031996 -0.084353 -0.034149 -0.58327 0.187011 0.198083 0.153904 -0.349497 0.016343 0.211015 
bomber 0.194239 -0.725587 0.52142 -0.174783 0.315591 0.21007 0.033095 -0.002366 -0.081832 -0.188512 0.183237 -0.709191 -0.148687 -0.274577 -0.034731 -0.640657 -0.19278 -0.213342 -0.475168 0.147794 -0.228841 0.201599 -0.553356 0.385629 0.508719 -0.470637 0.218891 -0.045132 0.195814 -0.624634 0.12804 -0.155322 
corporate -0.367971 0.250191 0.0683 0.777351 0.525665 0.110618 -0.030903 0.422179 0.001417 0.068275 0.13806 -0.170933 0.308899 0.246368 0.19414 0.163742 -0.038456 -0.068531 0.118741 -0.223979 -0.406022 -0.438914 0.137919 -0.187462 0.481661 -0.179038 0.054713 0.110833 -0.011628 -0.012974 -0.291631 0.430487 
european -0.014298 0.377612 -0.067752 0.183973 0.354271 -0.026077 0.034767 0.274857 0.126551 -0.116395 0.35926 -0.725308 0.230721 0.727802 0.221678 -0.168346 0.746377 0.444513 0.196585 -0.406317 -0.344321 0.209829 0.034194 -0.141436 -0.408951 0.075926 0.480331 0.117179 0.16876 0.121961 -0.272849 0.183244 
own 0.00989 0.564582 -0.082746 0.564873 0.103395 -0.091859 0.51922 -0.125468 -0.042864 -0.136478 0.140724 -0.353598 0.18404 0.124699 0.220892 -0.120219 0.222477 0.141517 -0.108428 -0.061605 -0.538903 0.096722 0.027634 0.094884 0.050022 -0.270308 0.177865 -0.012157 0.156262 -0.003604 -0.188154 0.156172 
fresh -0.740139 0.070696 -0.462572 0.447128 0.248119 0.282134 0.016791 0.185963 -0.149597 -0.704352 -0.223021 -0.353336 -0.271351 0.617145 -0.153754 -0.220444 0.229302 0.036314 0.134363 -0.066931 -0.099223 -0.29413 0.211103 -0.074546 -0.086392 0.31291 0.280928 -0.100592 0.189994 -0.187982 -0.354699 -0.486349 
same -0.174873 0.838043 0.368293 0.2008 -0.039217 0.502082 0.28729 -0.077352 -0.101774 0.06668 -0.069832 -0.48573 0.113803 0.071439 0.287765 0.242358 0.087738 -0.192233 -0.074889 -0.538032 0.188474 0.171212 -0.088742 -0.325542 -0.057053 -0.513886 0.102729 0.049709 0.438792 -0.128347 -0.062407 -0.260098 
rat 0.321362 0.026481 0.075859 0.037524 -0.112861 -0.559438 0.004843 0.15881 -0.438032 -0.473061 -0.166972 0.063394 0.181524 -0.29226 -0.345107 -0.467497 0.29257 -0.27141 0.063114 0.054195 0.08309 0.006493 -0.038275 -0.246094 0.32927 -0.317169 -0.064143 -0.236676 -0.43929 -0.016717 -0.151291 -0.310511 
cloak -0.093266 0.345999 0.141502 0.014911 0.122171 -0.715192 0.259795 0.020374 -0.675288 -0.183522 0.024223 -0.098044 -0.006219 -0.394272 0.014557 -0.807162 0.219933 0.129976 0.065039 0.198226 -0.033404 -0.00339 -0.077641 0.330445 0.500817 -0.060238 -0.081964 -0.314993 -0.363859 -0.596631 0.157232 -0.382266 
healthy -0.459769 0.58511 0.027121 0.332706 0.299165 0.248667 0.162181 0.167471 -0.145011 0.171034 -0.149046 -0.190684 0.057362 0.330034 -0.050822 -0.197504 0.316505 -0.332813 0.037995 -0.399433 -0.160772 -0.434611 0.246883 -0.357264 0.057042 -0.145912 0.366151 -0.063272 -0.09559 0.193941 -0.565712 -0.261349 
large -0.259639 0.25674 -0.104254 0.342726 0.300512 0.311356 0.204594 0.273634 -0.17434 -0.17157 0.053436 -0.218805 0.023017 0.28256 -0.113024 0.010692 0.124711 0.108521 -0.035159 -0.202064 -0.45592 -0.099324 0.009358 -0.248668 0.227848 -0.412443 0.366827 0.182505 -0.11066 -0.032865 -0.38883 -0.136476 
mobile 0.127837 0.045364 0.724191 0.56861 0.169851 -0.021023 0.420304 -0.324846 0.217952 -0.04097 0.154545 -0.296063 0.462541 -0.010832 0.03844 0.178929 -0.398734 0.388899 0.266986 -0.344199 -0.601587 0.078903 -0.217195 0.131649 0.413138 -0.643735 0.245141 0.303754 0.132285 -0.314435 -0.59051 0.272561 
common -0.514318 0.87059 0.181469 -0.202022 0.042736 -0.611434 0.179843 -0.088636 -0.382003 -0.280864 -0.569497 -0.015921 0.202469 0.181592 0.615755 1.025953 0.211181 -0.178841 0.267328 -0.83585 -0.65964 0.273167 0.489571 0.352728 0.758267 -0.216444 -0.180789 0.216486 0.081704 -0.37466 0.169345 0.377205 
cottage 0.37669 0.105063 -0.449562 0.202348 0.104032 0.117844 0.377133 0.037432 -0.535187 0.088047 0.05564 0.638255 0.31771 0.328051 -0.012547 -0.393208 -0.00533 -0.017207 0.027023 0.116424 0.228112 0.164583 0.25841 -0.053608 0.378118 -0.224102 -0.058868 -0.258495 -0.483658 -0.234434 0.014522 -0.476135 
robe 0.078537 0.309728 -0.219041 -0.034066 0.014967 -0.559892 0.301087 -0.095563 -0.798649 -0.343158 0.024789 0.094174 0.152493 -0.241107 -0.166101 -0.494978 0.197708 0.26551 0.01078 0.110556 0.304868 0.170074 0.024213 0.080776 0.358126 0.022252 0.014261 -0.454499 -0.281259 -0.560072 0.233335 -0.573169 
onion 0.382093 -0.273818 -0.085643 -0.073614 -0.558789 0.336725 -0.075495 -0.261591 -0.878821 -0.819896 -0.195828 0.751737 -0.006479 0.048825 -0.211933 -0.505406 0.31843 0.657719 0.356679 -0.145255 0.074526 0.096921 0.418068 -0.593123 0.302943 0.015912 0.032017 -0.233644 -0.09372 -0.373331 -0.38043 -0.535104 
great 0.124562 0.233857 -0.187824 0.24795 0.064572 0.012181 0.212217 -0.01114 -0.316237 0.237264 0.141298 -0.433778 -0.201383 0.344083 -0.047856 -0.133766 0.380243 0.034422 -0.305928 -0.171497 -0.369478 0.011936 0.071677 -0.21636 0.100409 -0.114627 0.025763 -0.201945 0.314118 0.386583 -0.255583 -0.289823 
individual -0.337522 0.493452 -0.014945 0.282227 0.093896 -0.016534 0.307608 0.214232 -0.118314 -0.058951 -0.02116 -0.277596 0.018818 0.192458 0.154361 -0.026971 0.119203 0.011007 0.197832 -0.178548 -0.57503 -0.056885 0.20251 -0.271768 0.10862 -0.3151 0.367247 0.064619 0.237593 -0.044782 -0.03522 0.353002 
fridge 0.135505 0.663823 0.022945 0.267117 0.042876 -0.210631 0.203301 -0.396597 -0.538827 -0.355008 -0.067215 0.263388 0.394776 -0.03826 -0.312885 -0.581029 -0.076746 0.123906 0.10552 0.224041 -0.091093 -0.150623 0.065349 0.01545 0.060421 -0.012601 -0.222307 -0.159004 -0.020189 -0.428335 -0.414033 -0.311895 
yacht 0.483907 -0.203912 -0.039922 -0.34028 0.031991 0.070387 0.382665 -0.18997 -0.266997 0.05502 0.531667 -0.24207 0.326582 0.529965 0.119067 -0.698595 0.024802 0.109124 -0.162687 0.02328 0.112004 0.147804 -0.0995 0.028904 0.613975 -0.495216 0.035132 -0.045946 -0.081521 -0.136883 0.070228 -0.089141 
major -0.072344 0.034065 -0.079689 0.336068 0.218558 0.327216 0.264797 0.13596 -0.100113 -0.314581 0.095783 -0.487549 -0.095197 0.430746 0.142765 -0.086575 0.293914 0.070781 0.023708 -0.373851 -0.351448 -0.134726 -0.075005 -0.160803 0.126036 -0.170807 0.276195 0.166809 0.110215 0.149803 -0.421109 0.13509 
top -0.221271 0.22686 -0.121327 0.378923 0.041325 0.38047 0.303861 -0.123101 -0.166335 -0.338764 0.044682 -0.610118 0.067904 0.337439 -0.07807 -0.135398 0.289604 0.096755 0.152585 -0.406312 -0.13044 0.089719 -0.232046 -0.170421 0.028122 -0.212032 0.010952 0.054405 0.231228 0.180642 0.075454 0.229779 
apple 0.26148 -0.042912 0.177611 0.541152 -0.176933 -0.125367 0.518169 -0.325829 -0.019664 -0.144963 -0.041658 -0.070328 0.231167 -0.102929 0.122656 0.175856 -0.052905 0.080673 0.355304 -0.220639 -0.06371 -0.165979 0.280664 -0.123162 0.2907 -0.199824 -0.137888 0.233071 -0.01209 -0.454993 -0.860873 0.128684 
coat 0.130772 0.248484 -0.254217 -0.382004 0.242059 -0.596964 0.430156 0.258249 -0.734684 -0.55693 -0.207091 0.241857 0.19936 -0.069762 -0.100586 -0.604491 0.263692 0.313704 0.231626 -0.113812 0.246582 0.086233 0.170287 0.119214 0.175847 -0.233343 0.155487 -0.03472 -0.343934 -0.387199 0.249226 -0.51468 
easy -0.172519 0.275286 0.210995 0.186978 -0.059993 -0.06726 0.226988 -0.150311 -0.494112 0.322812 0.191272 -0.254626 0.069662 0.087363 0.005358 -0.437344 0.241737 0.084379 -0.216501 0.107423 -0.352865 -0.168855 0.254309 -0.024921 -0.158276 -0.452069 0.24818 0.243727 0.117984 0.081268 -0.37498 -0.002851 
voluntary -0.054537 0.395395 0.124465 0.438336 0.26221 0.044394 0.410941 0.374912 0.047764 -0.180306 0.219482 -0.094308 0.005433 0.112039 0.415337 0.014409 0.27147 -0.013323 -0.289202 0.051749 -0.644393 0.1747 0.398053 -0.190994 -0.05387 -0.099658 0.256047 -0.006747 0.088515 -0.325015 0.323517 0.295416 
certain -0.156524 0.511665 -0.110196 0.288991 0.28973 -0.131931 0.142035 0.294967 -0.029411 -0.175488 0.100325 -0.126278 -0.016436 0.05 0.390978 0.042129 0.316544 -0.015172 -0.121381 -0.107514 -0.582575 0.04658 0.398357 -0.264865 0.041939 -0.347824 0.275575 0.268295 0.144066 -0.232062 -0.264132 0.174391 
flat -0.501649 0.507361 -0.151642 0.272206 -0.068685 0.441727 0.01643 0.240477 0.020309 0.160122 -0.393829 -0.185317 0.182499 0.375995 -0.452317 -0.301064 -0.298961 -0.052373 0.2087 -0.780222 0.341531 -0.143199 -0.059555 0.163665 0.205185 -0.040632 0.532361 0.351542 0.251507 -0.364154 -0.352873 -0.283952 
snake 0.027112 0.087584 0.216816 0.154399 -0.031933 -0.658171 0.052103 -0.014694 -0.624809 -0.336734 -0.025154 -0.139888 0.091471 -0.404626 -0.033314 -0.754036 0.154198 -0.080748 -0.130688 0.049593 0.14368 0.106882 -0.052105 -0.175041 0.381431 -0.461512 -0.18522 -0.167912 -0.562463 -0.083213 -0.13535 -0.487951 
dove 0.44715 0.009266 -0.140067 0.013069 -0.028063 -0.33 0.033987 -0.046247 -0.424082 -0.142375 -0.134775 -0.121009 0.321005 -0.024207 -0.241393 -0.35149 0.241888 -0.089394 0.03615 0.081305 0.338503 0.217705 0.012147 -0.329976 0.168655 -0.32875 -0.182679 -0.39417 -0.197703 -0.121326 0.085687 -0.406128 
piano -0.002063 -0.108023 -0.249617 -0.196519 0.17285 -0.329081 0.096601 -0.122738 -0.194748 0.328143 0.270743 0.09197 0.898245 0.273293 -0.564862 -0.324156 0.308244 -0.171198 0.392898 0.717068 0.353922 0.165348 -0.17629 -0.205099 -0.239976 0.060244 0.316456 -0.696608 0.515604 -0.767 -0.250878 0.048738 
lemon 0.37744 -0.171335 -0.415474 -0.018804 -0.331492 -0.367812 -0.036988 -0.17163 -0.376078 -0.778413 -0.302412 0.380783 0.231414 0.037828 -0.533506 -0.592542 0.535802 0.139291 0.134436 0.245666 0.250994 0.038991 0.650366 -0.545594 0.370389 -0.036776 -0.082381 0.006116 -0.306946 -0.381633 -0.405249 -0.445279 
rifle -0.062302 -0.653376 0.330567 -0.492944 0.50058 -0.186307 0.402372 -0.078083 -0.213304 -0.265678 -0.025468 -0.387475 -0.064587 -0.428925 -0.211291 -0.61167 -0.185345 0.067973 -0.085322 0.045237 -0.092803 -0.223478 -0.304704 0.278565 0.522137 -0.308296 0.308114 0.262147 0.263787 -0.956184 0.309517 -0.143852 
proper 0.026401 0.241258 0.071592 0.220267 0.134382 -0.279257 0.176849 0.244658 -0.398973 0.190559 0.082117 -0.078821 -0.096984 -0.096152 0.374774 -0.133698 0.194627 -0.020052 -0.241459 -0.043006 -0.392646 0.206598 0.325324 -0.037147 -0.202489 -0.266567 0.305298 0.16485 0.107774 -0.144404 0.096729 -0.038746 
appropriate -0.155153 0.440942 0.120431 0.22313 0.231161 -0.004839 0.054819 0.353983 -0.5509 0.165547 0.129896 -0.245419 -0.043921 -0.112659 0.588267 -0.224068 0.185716 0.126343 -0.199778 -0.077666 -0.513586 0.055302 0.518656 -0.191315 -0.301785 -0.284151 0.35347 0.0871 0.349002 -0.054284 -0.25506 0.415522 
christian 0.236723 0.088867 -0.012766 0.383656 0.090975 0.001228 0.528918 0.12522 -0.043937 0.094379 0.019294 -0.129288 0.006285 0.307139 -0.220612 0.255155 0.900854 0.067736 0.202132 -0.114417 -0.088781 0.394322 -0.100743 0.269152 -0.153452 0.538958 0.043085 -0.115419 0.344329 0.055702 0.42457 0.10048 
corn -0.514829 0.037029 -0.03179 -0.162531 -0.558299 0.767416 -0.226659 0.064955 0.061826 -0.577453 -0.349684 -0.164584 -0.368099 0.644383 -0.247532 -0.096189 0.552819 0.167575 0.002669 -0.460909 0.274906 0.186309 0.884419 -0.534912 0.479505 -0.208169 0.274091 0.340914 -0.25544 -0.608612 -0.702744 -0.311621 
powerful -0.026722 -0.091758 0.280242 0.316086 0.207661 0.120824 0.541229 0.074499 -0.084044 -0.149153 0.005453 -0.544679 -0.001495 -0.080736 -0.144799 -0.141298 0.436823 0.183067 -0.037308 -0.16685 -0.350325 -0.207806 -0.128903 0.136398 0.12345 -0.128988 0.210288 0.028115 -0.009606 0.047615 0.088805 -0.092105 
black 0.226558 0.138055 -0.212368 0.065183 -0.151144 0.092487 0.19972 -0.032266 -0.195789 -0.654781 -0.256526 -0.451792 0.031057 0.128556 -0.203021 -0.300459 0.352221 0.141048 -0.037798 -0.185724 -0.15802 0.218574 0.110199 -0.038196 0.278777 -0.306334 0.007057 -0.117778 -0.15201 -0.150299 -0.068442 -0.150056 
regional 0.129344 -0.07135 0.055072 0.58457 0.302947 0.20434 0.131323 0.155181 0.06423 -0.13108 0.039321 -0.388052 0.091225 0.540323 -0.105624 0.079706 0.295197 0.347192 -0.137848 -0.509074 -0.44155 0.089729 -0.097509 -0.07758 0.008789 -0.273319 0.340583 0.179941 0.102913 0.075788 -0.087989 0.197791 
sheep 0.130417 0.348624 -0.082762 -0.018968 -0.16487 0.026879 0.185741 0.247441 -0.250617 -0.643225 -0.268829 0.362801 -0.096678 5.3e-05 -0.117969 -0.622259 0.564574 -0.151935 0.028931 0.008081 -0.217249 0.200921 0.21251 -0.424807 0.34902 -0.333446 0.143896 -0.017647 -0.656494 -0.061092 -0.273382 -0.605868 
spanish 0.112865 0.252307 0.034384 0.19547 0.063467 0.163197 0.019645 -0.116588 0.107675 -0.057119 0.449892 -0.790702 0.319829 0.100902 -0.377749 0.198093 0.346614 0.214854 0.135826 -0.338992 -0.125184 0.531158 -0.087584 -0.084713 -0.180567 -0.02655 0.525464 0.145339 -0.094785 0.073656 -0.0281 0.060725 
general -0.008911 -0.150401 0.050971 0.569476 0.375383 0.454246 -0.102634 -0.056227 -0.033354 -0.493548 0.265012 -0.217113 -0.022652 0.131979 0.285744 0.354488 0.246316 0.06946 -0.115235 -0.394869 -0.1177 -0.260067 0.35318 0.085248 0.259203 -0.157965 -0.053005 0.227126 0.236988 -0.023774 0.078617 0.325622 
scientific 0.106292 0.008397 0.19618 0.196575 0.178476 0.027387 0.241784 0.533797 -0.029511 0.146352 0.011395 0.286617 -0.001193 0.085804 0.657423 -0.241966 0.225753 -0.335394 -0.237741 -0.408911 -0.499462 0.186852 0.147529 -0.516185 -0.170839 -0.113008 0.251911 -0.455578 0.299378 -0.120648 -0.205816 0.462864 
banana 0.469331 0.151336 -0.235187 0.089968 -0.172647 -0.117985 0.047588 0.050846 -0.247408 -0.510254 -0.304924 -0.104937 0.228872 0.29919 -0.316327 -0.388141 0.598759 0.259082 0.005143 -0.000523 -0.159061 0.166885 0.365782 -0.346977 0.250773 -0.16449 0.052587 0.047357 -0.490875 -0.166735 -0.104656 -0.463137 
shirt 0.028857 0.249775 -0.313414 -0.31142 0.093683 -0.579911 0.457243 -0.272625 -0.786659 -0.748993 -0.011702 -0.18856 0.201537 0.152691 -0.390729 -0.928514 0.339916 0.013367 0.183645 0.102923 0.291823 -0.195098 -0.047088 0.13515 0.323901 -0.011432 -0.075786 0.090614 -0.101944 -0.557708 0.114595 0.067988 
glove -0.052223 0.266643 -0.172353 -0.153667 0.233182 -0.332318 0.465553 -0.443938 -0.366358 -0.348931 0.128951 -0.485323 0.238124 -0.235751 -0.225535 -1.029684 0.211537 -0.003436 0.113312 -0.117467 0.219584 -0.118677 -0.006335 -0.287344 0.291637 -0.009893 -0.395483 -0.019648 -0.08852 -0.457483 0.00271 -0.113332 
special 0.042104 0.362004 -0.017484 0.303527 0.32141 0.078709 0.027718 0.26316 -0.257584 -0.522273 0.038215 -0.490366 0.254231 0.206223 0.4507 0.195366 0.200273 0.143203 -0.225271 -0.215835 -0.415307 0.07919 0.154323 0.007614 -0.052859 -0.229536 0.071736 0.013704 0.365709 -0.260671 0.130885 0.213419 
restaurant 0.438025 0.207791 -0.18626 0.353079 0.134714 0.204547 0.372668 -0.261791 -0.186832 -0.176478 0.07161 0.131361 0.385185 0.390109 -0.304033 -0.087179 -0.242666 -0.195138 -0.082284 -0.252503 -0.236306 0.008448 0.045425 -0.033055 0.302464 -0.158922 -0.321462 -0.058694 -0.258897 -0.469448 -0.140503 -0.128912 
train 0.301092 -0.145755 0.172514 0.298898 0.185741 0.374487 0.260259 -0.184218 -0.198168 0.038318 0.213278 -0.270451 0.243868 0.373642 -0.124193 -0.348114 -0.207615 0.052573 -0.36921 0.072967 -0.210557 0.248704 -0.129488 0.415407 0.059947 -0.622283 0.104212 0.270457 -0.075563 -0.416368 0.068266 -0.246271 
relevant 0.04443 0.341298 -0.195207 0.452287 0.00814 -0.072162 -0.10194 0.471612 -0.948366 -0.154 -0.213819 0.069595 0.212313 -0.185014 1.02244 -0.337604 0.041185 0.154071 0.237298 0.402767 -0.73809 0.18068 0.375417 -0.342145 -0.411218 0.209776 0.441153 0.074928 0.555023 -0.058136 -0.211907 0.588299 
significant -0.249582 0.343332 0.022824 0.325244 0.413005 0.142421 0.202146 0.326988 -0.074001 0.295802 0.144912 -0.2444 -0.058253 0.220589 0.182263 -0.010949 0.360933 -0.194955 -0.160785 -0.325739 -0.412389 -0.244343 0.113253 -0.450235 -0.00055 -0.305607 0.218144 0.31086 0.201083 0.108943 -0.619324 -0.130793 
related -0.119913 0.359524 -0.031308 0.293763 0.208827 0.117264 -0.042595 0.290964 0.216631 -0.233426 -0.089492 -0.088144 0.401514 -0.08097 0.46449 0.280877 0.113305 -0.251277 -0.030619 -0.288627 -0.778853 -0.057259 0.263454 -0.152464 0.297659 -0.224311 0.004407 0.029457 0.114814 -0.282476 -0.325772 0.192927 
strong -0.523902 0.168039 -0.067996 0.493267 0.437617 0.254089 0.17077 0.229594 -0.00801 0.318659 0.010024 -0.50378 -0.059578 0.383573 -0.14661 -0.050771 0.377831 -0.150019 0.032602 -0.379477 -0.188602 -0.497237 0.045711 -0.227008 0.115277 0.03261 0.388219 0.190542 0.029946 0.123178 -0.776744 -0.177169 
spear 0.050628 -0.036607 0.098296 0.084382 0.137221 -0.576042 0.322164 -0.203526 -0.420819 -0.284345 -0.231827 -0.259299 -0.047679 -0.347539 -0.037879 -0.55067 0.020212 0.02372 0.097575 0.113188 0.180672 0.092222 -0.049247 0.212747 0.738188 0.070772 -0.109561 -0.181967 -0.160855 -0.476248 0.146435 -0.444894 
single -0.109862 0.476017 0.142833 0.407983 0.351118 -0.273138 0.209672 0.225033 -0.000501 0.099713 0.391133 -0.829772 0.262168 0.418661 0.153978 -0.060777 0.289862 0.339151 0.148909 -0.08503 -0.275015 -0.187226 0.243632 0.016354 -0.292133 -0.253846 0.366429 0.1688 0.161913 0.014315 -0.008323 -0.030204 
goat 0.345843 0.264286 -0.121774 -0.141225 -0.19726 -0.526904 0.145056 -0.061397 -0.661406 -0.448328 -0.170527 0.133149 0.200114 -0.048993 -0.311648 -0.522749 0.421267 0.02864 0.064212 0.098392 0.103523 0.139319 0.202414 -0.333777 0.520749 -0.178151 -0.181869 -0.091609 -0.620429 -0.215986 -0.057169 -0.490315 
regular -0.257608 0.131768 0.018055 0.200916 -0.064912 0.267884 0.097072 0.137282 -0.297722 -0.262884 0.273971 -0.482154 0.102203 0.471974 0.248601 0.012783 -0.086259 -0.017076 0.244969 -0.332879 0.013564 -0.072244 -0.059446 -0.125544 -0.255824 -0.52455 0.15178 0.022751 0.314286 -0.352585 -0.059361 0.155256 
truck 0.262364 0.05273 0.050725 0.113587 0.392409 0.560845 0.13361 -0.378184 0.218425 -0.2382 0.103034 -0.184992 0.127112 0.147411 -0.280117 -0.360416 0.034633 0.184691 0.068209 -0.272674 -0.297308 -0.137186 -0.098124 0.070944 0.384869 -0.403222 0.210732 0.554442 0.068036 -0.516449 -0.265121 -0.261514 
professional -0.040519 0.177056 0.138976 -0.053994 -0.01136 -0.029734 0.438117 -0.193932 0.13139 -0.02588 0.40172 -0.325447 0.358152 0.483364 -0.035096 -0.368787 0.106235 -0.394222 0.037163 -0.267555 -0.271837 -0.254108 0.247799 -0.349678 0.195332 -0.081219 0.117436 -0.100204 -0.011849 -0.04803 0.149214 0.641436 
extensive 0.114977 -0.151672 0.042707 0.322018 0.14694 0.231051 0.34865 0.308933 0.058441 0.176709 0.177176 -0.048264 0.141003 0.050922 0.400137 -0.224089 0.014391 -0.256673 -0.061487 -0.090488 -0.559137 0.104218 0.06271 -0.354699 -0.050364 -0.371272 0.249492 -0.152833 -0.00633 -0.210692 -0.253671 -0.066407 
wonderful 0.430393 0.350238 0.020835 0.264923 -0.255879 -0.237018 0.162197 -0.176007 -0.708191 0.365637 0.159858 -0.121849 -0.048932 0.159287 -0.244826 -0.363111 0.138806 -0.168059 0.063839 0.289236 -0.078876 -0.164752 0.002432 -0.409878 0.052894 -0.128089 -0.231984 -0.552016 0.169361 -0.050385 -0.280562 -0.268275 
internal 0.041533 0.229173 0.355576 0.572775 0.481054 0.052657 0.112323 0.377213 0.025074 -0.204605 0.056921 -0.235473 0.031338 -0.018481 0.357037 -0.020161 0.406606 0.012697 -0.109759 -0.34968 -0.55288 -0.166135 0.083034 -0.104555 -0.256617 -0.106184 0.307726 0.112675 0.116831 -0.168387 -0.008784 0.060804 
military 0.021602 -0.423857 0.507974 0.502284 0.136244 0.343911 0.16916 0.267759 0.016264 -0.337606 0.072644 -0.880733 -0.366962 -0.059797 0.0353 -0.161948 0.532912 0.168782 -0.684117 -0.158578 -0.506198 0.431955 -0.457584 0.204235 0.080689 -0.020877 0.228487 0.159338 0.100242 -0.360515 0.118777 0.063212 
swan 0.618409 -0.332428 -0.373455 0.112523 -0.076199 0.107548 0.0237 0.040235 -0.493401 -0.034243 -0.051092 0.016364 0.450365 0.173398 0.05906 -0.319939 0.04109 0.02424 0.05564 0.157383 0.300997 0.049048 0.260155 -0.048288 0.372468 -0.284264 -0.162422 -0.357267 -0.130403 0.059209 0.041566 -0.372769 
jacket 0.082713 0.113549 -0.255339 -0.221012 0.136647 -0.506619 0.376568 0.027889 -0.846475 -0.570411 -0.094984 -0.103809 0.166122 -0.033105 -0.249436 -0.910557 0.191033 0.138129 0.214223 0.233397 0.280966 -0.326287 -0.002174 0.093815 0.290443 -0.075266 -0.097175 -0.148603 -0.070908 -0.833805 -0.120083 -0.212867 
woodpecker 0.459284 -0.185746 0.039179 -0.125145 -0.326445 -0.303608 0.215618 0.36044 -0.692396 -0.753967 -0.462321 0.434354 0.449334 -8.1e-05 -0.529761 -0.633198 0.43984 -0.08821 0.302804 0.323187 0.330996 0.002864 -0.109764 -0.531031 0.504981 -0.544425 -0.178537 -0.145289 -0.795659 -0.051707 -0.07254 -0.424862 
serious -0.157353 0.272817 0.072918 0.300386 0.470036 0.326002 0.169298 0.330889 -0.13871 -0.029222 0.275103 -0.567298 -0.322229 -0.162898 -0.00413 -0.415775 0.54729 -0.388814 -0.40504 0.031131 -0.599745 0.066372 -0.023364 -0.162368 -0.118061 -0.038024 0.009137 0.101264 0.069414 0.032985 -0.213645 0.015063 
central -0.248541 0.262559 0.102584 0.562825 0.502886 0.407709 -0.384837 0.667585 -0.320601 -0.23866 0.201145 -0.545401 0.338278 0.429971 -0.093154 0.033027 0.078423 0.156082 -0.154742 -0.503828 -0.103052 0.351578 -0.046105 -0.224865 -0.104485 -0.223643 0.399427 0.183011 -0.289611 0.595479 0.209101 0.043043 
fast -0.13723 0.151472 0.167285 0.233446 0.175947 0.126662 0.191254 -0.268949 -0.267505 0.202534 0.124188 -0.290637 0.062883 0.349655 -0.117049 -0.47286 0.340142 0.10298 -0.052706 -0.116064 -0.237161 -0.394531 0.029448 -0.036158 0.036565 -0.434898 0.335559 0.209628 0.228036 0.120332 -0.385619 -0.18043 
rich 0.090529 0.211567 -0.176797 0.39404 -0.047433 -0.042999 0.146153 0.166246 -0.027076 0.050515 -0.049421 -0.058056 0.007083 0.292866 -0.206699 -0.185508 0.346797 0.04703 -0.08356 -0.109306 -0.246692 -0.035033 0.179955 -0.303825 0.144519 -0.24095 0.198728 -0.323061 -0.051919 0.17788 -0.214968 -0.129581 
jewish 0.225139 0.215751 -0.341955 0.693939 -0.057496 0.280046 0.36405 0.566655 -0.138285 -0.148917 -0.135972 -0.435606 -0.280646 0.327213 0.099616 -0.041354 0.310069 -0.126476 -0.381843 -0.137584 -0.531756 1.088922 -0.463362 0.047583 -0.078336 0.228148 0.041743 -0.304482 -0.048903 -0.284177 0.401184 -0.181545 
bear -0.114703 0.330369 -0.648001 0.667085 0.347215 -0.376232 -0.316548 0.147559 -0.05809 0.007566 0.031293 -0.195237 -0.210082 0.022022 -0.465809 0.049861 -0.190839 -0.051762 0.040865 -0.154235 0.098716 -0.036802 0.302796 -0.155697 0.670835 -0.502852 -0.123164 -0.116915 0.3407 0.179924 -0.260076 0.005291 
near -0.1028 -0.197718 -0.130162 0.396369 0.182525 0.634278 0.008064 -0.024194 -0.322462 -0.049791 -0.16705 -0.499854 -0.013355 0.334514 -0.059102 -0.213402 -0.042986 -0.186099 -0.318224 -0.470054 -0.17751 0.484025 -0.086318 0.330715 -0.167959 -0.272607 0.039178 0.048216 -0.291827 -0.015717 -0.073254 -0.480617 
oven 0.13363 -0.065877 0.183386 -0.128344 0.365001 -0.191899 0.598938 -0.29803 -0.344027 -0.451886 -0.322691 0.389565 0.159752 -0.049362 -0.095675 -0.670744 0.19927 0.223499 -0.125165 0.10941 0.048438 0.082969 0.367132 -0.09244 -0.127262 -0.294732 -0.042613 0.194704 -0.176571 -0.910443 -0.619636 -0.734457 
important -0.123292 0.293802 0.21511 0.266482 0.317877 0.088494 0.300779 0.17334 -0.3469 0.427915 0.125905 -0.424114 -0.140231 0.216253 0.105208 -0.088962 0.41745 0.031845 -0.210003 -0.357664 -0.519748 -0.160271 0.189607 -0.377725 -0.26005 -0.150801 0.267033 -0.036929 0.271031 0.350614 -0.239682 -0.031484 
main 0.044702 0.081531 0.095487 0.473008 0.194794 0.41505 0.280025 0.19967 -0.243416 -0.191987 -0.117962 -0.441098 -0.033878 0.370723 -0.042991 0.04421 0.361433 0.177094 0.20661 -0.448221 -0.434006 0.159216 -0.223371 0.152208 -0.195567 -0.162302 0.239487 0.328115 -0.155325 0.201205 -0.108795 -0.080693 
alternative -0.103326 0.062371 0.004116 0.388613 0.195106 -0.146629 -0.010106 0.452731 -0.170618 0.042855 0.339142 -0.326696 0.096285 0.245034 0.132692 0.198734 -0.073317 0.224381 0.136572 0.076617 -0.531759 -0.195981 0.496353 -0.354625 -0.231621 -0.490022 0.12865 -0.039298 0.213756 -0.173329 -0.076117 0.049276 
television 0.545272 -0.015573 0.401099 0.644055 0.1812 0.411464 0.428618 0.059682 -0.164005 -0.382564 0.246061 -0.497131 0.424366 0.149607 -0.265631 -0.080124 -0.090799 0.043221 0.207556 -0.001921 -0.450061 0.135045 -0.379369 -0.021807 -0.261202 -0.253959 -0.185212 -0.025536 0.186059 -0.176995 -0.38354 0.5822 
herring 0.464639 -0.008606 -0.12413 0.009068 -0.066628 -0.152297 -0.280267 0.116699 -0.316599 -0.264862 -0.184677 0.076956 0.3033 0.21772 -0.030594 -0.593215 0.627519 -0.053166 0.143625 0.127574 0.167199 -0.066713 0.262879 -0.385401 0.4194 -0.40001 0.104157 -0.132898 -0.212844 -0.174561 -0.113969 -0.1508 
australian 0.055598 0.228556 -0.101984 -0.01716 -0.002615 0.293931 0.186182 0.339221 -0.153323 -0.35848 -0.016765 -0.66164 0.108675 0.51969 0.052846 -0.340852 0.193016 0.103708 0.310834 -0.655519 0.065357 -0.155185 0.214678 -0.146581 0.321336 -0.077333 0.110154 -0.016285 0.0773 0.221478 -0.181254 0.378647 
basic -0.147703 0.342487 0.270764 0.319632 0.185148 -0.142724 0.294781 0.208159 -0.114319 -0.067775 -0.104835 -0.113789 0.105085 0.162584 0.30634 0.146627 0.102317 0.219009 -0.038127 -0.376943 -0.654577 -0.057095 0.180801 -0.248011 -0.147981 -0.361274 0.374671 -0.016181 0.345264 -0.245091 -0.057871 0.158086 
beautiful 0.369515 0.151373 -0.049056 0.118495 -0.155136 -0.152323 0.251636 -0.073175 -0.709204 0.28665 0.077165 0.134055 0.116492 0.24694 -0.362127 -0.405472 0.134915 -0.063158 0.129389 0.166367 -0.017171 0.111489 -0.04624 -0.247328 0.153668 -0.116948 -0.14004 -0.526939 -0.248996 0.000158 0.022365 -0.546692 
quick -0.286411 0.267586 -0.038142 0.441824 0.134106 0.091935 0.130273 -0.044284 -0.287618 0.100215 0.145713 -0.490282 -0.05161 0.054204 0.200904 -0.379291 0.381917 0.026942 -0.076013 0.062371 -0.195549 -0.183673 0.06594 0.162982 -0.053187 -0.159653 0.191613 0.104276 0.209775 -0.092042 -0.335288 0.008951 
famous 0.342658 -0.128826 -0.098084 0.006399 -0.210997 -0.040269 0.380502 -0.003618 -0.303786 0.200354 0.354683 -0.034845 0.301973 0.051756 -0.221818 -0.137021 0.184036 -0.100285 0.282537 0.019489 0.001713 0.068602 -0.120485 -0.291441 0.309603 0.117795 0.04548 -0.497082 -0.154906 -0.050955 0.021424 -0.124621 
friendly 0.074505 0.28746 -0.064496 0.192573 0.012866 -0.217433 0.216043 -0.112665 -0.116955 0.066641 0.017806 -0.612376 0.089863 0.324869 0.103643 -0.244362 0.358608 0.061506 -0.046636 -0.140157 -0.405809 0.127355 0.055127 -0.120632 0.240088 -0.175583 0.240954 0.047248 0.170675 0.235628 -0.260686 0.062485 
german -0.142162 0.364798 -0.121159 0.199851 0.550299 0.329617 0.009311 0.22684 0.051738 -0.009835 0.30186 -0.64439 0.248312 0.169033 -0.212665 0.022309 0.264374 0.237223 0.274164 -0.366896 -0.127183 0.211697 -0.258417 0.277482 -0.069699 0.054553 0.594045 -0.043498 0.193903 0.033464 -0.308958 0.070271 
carp 0.477245 -0.249314 0.025047 -0.098575 -0.189064 -0.304054 -0.105102 0.257935 -0.355695 -0.443816 -0.306548 0.434126 0.324129 0.197939 -0.151157 -0.418957 0.629745 -0.135368 -0.046527 -0.020289 -0.000927 0.016119 0.301781 -0.359486 0.431353 -0.568345 0.209115 0.114287 -0.599342 -0.004839 -0.022153 -0.388796 
female 0.091736 0.240776 0.171566 -0.02428 -0.136093 -0.166236 0.438317 0.161471 -0.304683 -0.352549 0.045808 -0.062888 0.105556 -0.165458 -0.347174 -0.331801 0.246046 -0.307093 0.069473 0.224019 0.043003 0.058011 -0.032898 -0.243456 0.197212 -0.366571 0.092616 -0.379135 -0.040424 -0.134523 0.407853 0.108761 
global -0.244151 0.112054 0.214217 0.603769 0.407867 -0.04099 -0.033148 0.167676 0.13395 -0.002097 -0.01457 -0.408425 0.171341 0.447991 0.031828 0.060944 -0.133713 0.326765 0.085238 -0.504927 -0.393768 -0.078649 0.132937 -0.396856 0.329907 -0.300536 0.244084 -0.150271 0.197727 0.227572 -0.48268 0.203458 
pine 0.359647 -0.304089 -0.465935 0.169585 -0.074315 -0.116315 -0.145602 0.100428 -0.295293 -0.234447 -0.490408 0.459352 0.269638 0.29754 -0.196588 -0.445914 0.488467 -0.254067 -0.149841 -0.188367 0.123127 0.29777 0.232247 -0.266592 0.359567 -0.410643 -0.344151 0.148535 -0.529751 0.020171 -0.081591 -0.61819 
public 0.033375 0.551004 0.078008 0.797716 0.432451 0.301193 0.058735 0.31576 0.035069 -0.152253 0.259321 -0.10655 0.052071 0.212682 0.230303 0.044659 -0.079729 0.039061 -0.007361 -0.203708 -0.327203 -0.044824 0.22623 -0.179351 0.039739 -0.091459 0.097147 0.065862 0.18175 -0.162904 0.149511 0.228975 
second -0.140686 0.403165 -0.000974 0.152553 0.237161 0.254048 0.318688 -0.482239 -0.006344 0.000947 0.254158 -0.696114 0.2077 0.321633 0.359284 -0.127097 0.27078 -0.102022 0.232011 -0.608519 0.201538 0.119802 -0.272779 -0.252975 0.046283 -0.0955 -0.078203 0.316983 0.226185 0.159483 -0.151418 -0.246259 
eagle 0.325542 -0.461892 0.005886 -0.052793 -0.034193 -0.117402 -0.053518 -0.283817 -0.275036 -0.375155 -0.048687 -0.264503 0.11551 0.132426 0.070654 -0.223764 -0.150194 0.275069 0.060171 -0.37167 -0.037599 0.014846 0.247508 -0.127775 0.694843 -0.485274 -0.150326 -0.137603 0.089034 -0.085905 -0.095883 -0.236159 
private 0.08081 0.527432 0.135391 0.717925 0.27255 0.383653 0.088798 0.255445 0.127257 -0.248322 0.224466 0.022741 0.178489 0.357964 -0.088348 0.026712 -0.203425 0.23465 -0.072918 -0.373589 -0.333361 -0.093036 0.024013 -0.237675 0.251899 -0.205473 0.497735 0.078768 0.037241 0.075973 -0.07093 0.170423 
strategic -0.002658 -0.081024 0.097138 0.681284 0.467456 -0.168398 0.245255 -0.099641 0.106727 0.10788 -0.021383 -0.358471 0.109393 0.170335 0.31443 0.110674 0.1533 0.320359 -0.368374 -0.407991 -0.619072 0.144079 0.067014 -0.185037 0.238368 -0.21586 0.197142 0.105015 0.277774 0.264401 -0.410532 0.138127 
grape 0.298898 0.145331 -0.283373 -0.337903 -0.298561 -0.351535 0.216024 0.076374 -0.220468 -0.504779 -0.180552 0.428293 0.267463 0.300855 -0.46713 -0.359847 0.801398 0.300031 0.097945 -0.023875 0.07053 0.295507 0.408772 -0.707115 0.132276 -0.264219 0.092314 0.185832 -0.408786 -0.354085 -0.451488 -0.599877 
sound 0.03056 -0.08803 0.043929 0.309386 0.164202 -0.274072 0.157093 0.204229 -0.195565 0.334412 -0.100686 -0.192894 0.435754 0.190939 -0.114103 -0.222483 0.109436 0.038598 0.031309 0.225007 -0.421069 -0.291115 0.124813 -0.091868 -0.236287 -0.308385 0.220925 -0.037132 0.222648 -0.335563 -0.544276 -0.181078 
several -0.119388 0.138104 -0.175424 0.426157 0.127274 0.531605 0.307796 0.181931 -0.028255 -0.250055 0.032928 -0.48109 -0.165013 0.201543 -0.106067 -0.036106 0.324869 -0.199013 0.00099 -0.090438 -0.420893 0.196012 -0.364707 -0.106122 0.083796 -0.462941 0.269507 0.18181 0.030202 -0.247961 -0.147425 0.081411 
light -0.333262 -0.151785 -0.192128 0.261205 -0.068637 0.432631 0.035267 0.008557 -0.140701 -0.260992 -0.393657 -0.390739 -0.178235 0.398838 -0.233119 -0.230468 0.105241 0.226226 -0.117819 -0.51732 -0.048509 -0.108296 0.490513 -0.140138 0.015667 -0.100251 0.215221 -0.000438 -0.071154 -0.391023 -0.482589 -0.379428 
freezer 0.00972 0.447833 0.100616 -0.016382 0.301034 -0.277496 0.447645 -0.465412 -0.387771 -0.40478 -0.049816 0.182528 0.130547 -0.078637 -0.108157 -0.680292 -0.025565 0.08678 -0.1224 0.047847 0.034293 0.102125 0.178241 -0.108182 0.149011 -0.520209 -0.037124 0.117469 -0.191253 -0.526442 -0.464923 -0.423521 
tiger 0.206181 -0.366471 0.183798 -0.101207 -0.156516 0.062689 0.007672 -0.232549 -0.416792 -0.494617 -0.174607 -0.485387 0.021328 0.080008 -0.175951 -0.401026 0.192314 -0.042252 -0.045628 -0.18816 -0.221361 -0.0066 -0.12989 -0.161486 0.675746 -0.228389 -0.067768 -0.033122 -0.026261 0.235462 0.053243 -0.232254 
trumpet -0.044667 -0.268254 -0.417515 -0.157636 0.103565 -0.530796 0.161063 -0.045311 -0.252737 0.230274 0.017661 -0.163977 0.882021 0.257242 -0.616299 -0.440857 0.394991 -0.180131 0.274433 0.571068 0.283255 -0.063065 -0.083295 -0.229524 -0.095642 0.063645 0.169236 -0.41289 0.185389 -0.666262 -0.172903 -0.002917 
warm -0.034855 0.026788 0.009435 0.194571 -0.045349 -0.002453 0.066611 0.011554 -0.419046 -0.15802 -0.257917 -0.021519 -0.045461 0.470152 -0.088238 -0.655005 0.738375 -0.076839 -0.233124 0.088838 0.062857 -0.002709 0.105824 -0.281836 -0.326066 -0.495517 0.133585 -0.11068 -0.225458 -0.103394 -0.322422 -0.706033 
red 0.192611 0.095573 -0.157804 -0.091194 -0.042354 0.213623 -0.059096 -0.181803 -0.273454 -0.575568 -0.181513 -0.500126 -0.039478 0.350887 -0.160977 -0.336484 0.495569 0.130235 0.027946 -0.365787 -0.004374 0.191176 0.126717 -0.039662 0.162827 -0.436975 -0.062962 0.115532 -0.227292 -0.395452 -0.024325 -0.376656 
oak 0.338218 -0.284855 -0.527286 0.084415 -0.022375 -0.187777 0.193715 0.004048 -0.396309 -0.157257 -0.411287 0.469473 0.218043 0.488294 0.029094 -0.393436 0.064195 -0.18798 -0.053555 -0.413895 0.210413 0.368405 0.410096 -0.244733 0.30425 -0.594745 -0.40784 -0.093113 -0.306833 -0.203606 0.272495 -0.369112 
hospital -0.053016 0.197057 -0.120848 0.470851 0.330866 0.513265 0.124212 0.101155 -0.016018 -0.433355 0.38063 0.099492 -0.174662 0.052588 0.077841 -0.335364 -0.156731 -0.687764 -0.427355 -0.257196 0.01894 0.477584 -0.155474 0.083258 -0.014281 -0.40961 -0.3096 -0.305258 -0.228175 -0.189506 0.22942 0.156319 
available 0.027163 0.513327 0.005478 -0.032708 -0.033535 0.69486 0.048853 0.357627 -0.280674 -0.158923 0.426245 0.071475 -0.288016 0.065308 0.366776 0.185062 0.045315 0.098688 0.03469 -0.342506 -0.155786 0.307717 0.309893 -0.068191 0.312451 -0.697126 0.063779 0.33728 0.096115 -0.288338 -0.680378 0.570151 
japanese -0.114947 0.031661 0.108821 0.347967 0.20854 0.458483 0.057247 0.266637 -0.201414 -0.433521 -0.065474 -0.82961 0.045812 0.231386 -0.294855 0.00684 0.022792 0.12138 -0.249299 -0.187265 -0.324877 0.079701 -0.203944 0.016152 0.246884 -0.08656 0.6165 -0.174646 0.037065 0.052155 -0.421224 0.09203 
limited -0.243476 0.116941 -0.189742 0.266648 0.259743 0.238345 0.067571 0.283707 -0.088399 -0.071557 0.104666 -0.380232 -0.064194 0.318214 0.199438 0.116835 0.02644 0.012921 0.04024 -0.295613 -0.328224 -0.190453 0.26836 -0.281697 0.296515 -0.358687 0.288097 0.178216 0.085665 0.057659 -0.394052 0.010288 
commercial -0.167749 0.223668 0.070429 0.431016 0.460564 0.342989 -0.055182 0.331861 -0.064273 -0.34335 0.267087 -0.277964 0.421059 0.4539 -0.048523 0.061143 -0.360415 0.290653 0.038681 -0.373743 -0.422295 0.00719 -0.05247 -0.30194 0.316696 -0.337671 0.400422 0.06821 -0.06532 0.198309 -0.216133 0.129804 
good -0.292004 0.438674 -0.090343 0.305957 0.331505 0.270813 0.14043 -0.087771 -0.410418 0.343524 0.154845 -0.360483 -0.261397 0.369457 -0.225809 -0.195782 0.354423 -0.12774 -0.107238 -0.281962 -0.190086 -0.324753 0.175324 -0.434228 -0.028878 -0.17779 0.163412 0.10854 0.286428 0.247152 -0.687677 -0.071001 
hard -0.119778 0.511293 -0.003268 0.184506 -0.019169 0.124723 0.120287 -0.038842 -0.292681 -0.1122 0.068743 -0.556274 -0.119862 0.349835 -0.161713 -0.225525 0.534217 0.167595 -0.107335 -0.086038 -0.213167 -0.279456 0.405482 -0.085634 0.019974 -0.292984 0.304223 0.162186 0.006645 -0.013367 -0.340954 -0.227148 
open -0.184159 0.287034 -0.061763 0.352685 0.142984 0.243241 0.08072 -0.09853 -0.267445 -0.110634 0.112353 -0.675795 0.138525 0.528542 0.256286 -0.198407 0.099226 0.089952 0.090419 -0.41079 -0.145052 0.094299 0.202058 0.09677 -0.19843 -0.159756 0.222101 0.172478 -0.011367 -0.043774 -0.195355 0.113507 
cabbage 0.390596 0.314399 -0.261215 -0.17923 -0.345795 -0.509164 0.039529 0.087113 -0.813842 -0.896536 -0.291719 0.625418 0.153097 0.167296 -0.587272 -0.506762 0.828856 0.256829 0.206353 -0.013071 0.164517 0.078222 0.419754 -0.484362 0.409493 -0.14422 0.001082 0.016111 -0.799567 -0.392164 -0.385347 -0.578942 
high -0.7471 0.226281 -0.029888 0.104061 0.131906 0.488178 0.171888 0.066695 -0.099253 -0.057733 -0.148619 -0.466638 0.106811 0.2862 -0.133489 -0.168028 -0.002308 -0.160156 0.046559 -0.49112 0.007791 -0.178921 0.369096 0.121133 -0.166374 0.019102 0.324063 0.00453 -0.022112 -0.064922 -0.225408 -0.255583 
standard -0.139455 0.02529 0.07837 0.314178 0.545598 -0.03484 -0.206221 0.504865 -0.116325 -0.210902 -0.052709 -0.375658 -0.038802 0.423152 -0.090589 0.082946 -0.415947 0.277507 0.371334 -0.262138 -0.059883 -0.059929 0.305086 -0.252401 0.507015 -0.554645 0.347174 -0.032816 0.377532 -0.023073 -0.021513 0.355629 
bus 0.484253 -0.111118 0.055558 0.417343 0.14722 0.562355 0.158484 -0.071994 -0.219344 0.022239 0.057092 -0.14682 0.340132 0.387242 -0.191811 -0.334035 -0.508337 0.073946 -0.130494 -0.233293 -0.302113 0.030248 -0.23965 0.585126 0.134908 -0.549216 0.113797 0.477687 -0.034632 -0.428251 0.201712 -0.085887 
cathedral 0.34946 0.000501 -0.342433 0.053366 0.356819 0.128819 0.510374 0.164727 -0.288139 0.774055 0.536975 0.595761 -0.068146 0.427659 0.1902 -0.1498 0.118758 0.045725 0.215241 -0.169256 0.310818 1.03009 0.05723 0.403774 0.061899 0.413197 -0.166078 -0.383702 -0.409052 -0.642444 0.317542 -0.502933 
gun 0.052523 -0.174398 0.169436 -0.027877 0.377847 -0.057397 0.255034 -0.133963 -0.358908 -0.183941 -0.063048 -0.574323 -0.051379 -0.374619 -0.211472 -0.707656 -0.048503 0.073302 -0.184997 0.251926 -0.104175 -0.072881 -0.154434 0.39409 0.320296 -0.307725 0.083771 0.109155 0.133749 -0.722249 0.13629 -0.118453 
jet -0.344063 -0.621491 0.40112 0.042045 0.121967 0.692647 0.094897 -0.220279 0.095931 -0.355044 -0.147256 -0.562835 -0.004614 0.205023 -0.289513 -0.217177 -0.191276 0.446032 -0.325272 -0.315915 -0.173528 -0.024259 0.179059 0.057593 0.246893 -0.548798 0.451282 -0.049105 0.182624 -0.635918 -0.645498 -0.310077 
comprehensive 0.16931 -0.083768 0.115077 0.397222 0.264483 -0.05914 0.283449 0.320934 -0.215777 0.171654 0.068077 -0.045688 0.110658 0.368717 0.636285 0.015378 -0.011559 0.051366 -0.110143 -0.336363 -0.668823 0.082364 0.393713 -0.392182 -0.216174 -0.032851 0.107368 -0.19333 0.389725 -0.070861 -0.109464 0.24565 
tuna 0.270459 0.016219 -0.164844 -0.331847 -0.168138 -0.283376 -0.260312 -0.038108 -0.107785 -0.674358 -0.217833 0.072112 0.44084 0.260828 -0.48384 -0.529402 0.627653 0.143057 -0.315728 -0.034262 -0.267441 0.138997 0.402004 -0.574476 0.43629 -0.431311 0.393226 0.122873 -0.532936 -0.212255 -0.37524 -0.245551 
box 0.196824 0.193531 0.05286 0.306016 -0.04812 -0.087967 0.238472 -0.241872 -0.534598 -0.138378 0.007903 -0.292675 0.283771 0.045385 0.009129 -0.360345 -0.274109 -0.002227 0.43649 0.071586 -0.036593 -0.011973 0.063604 0.041602 -0.108499 -0.308801 -0.1874 0.028353 0.00115 -0.54658 -0.093199 -0.139446 
live 0.066376 0.311191 -0.269225 0.345732 -0.427232 0.358686 0.023579 -0.01574 -0.615702 -0.446143 -0.265251 -0.330069 -0.241262 0.401242 -0.147821 0.003245 0.162049 -0.177791 0.134301 0.20969 -0.387878 0.089743 0.197337 -0.121018 -0.112853 -0.146918 0.234933 -0.111074 0.024835 -0.436028 -0.018071 -0.190295 
medical 0.00182 0.189224 -0.029335 0.353738 0.378866 0.140797 0.248387 0.009093 0.257201 -0.370152 0.08517 0.295907 -0.01705 0.02738 0.245289 -0.185693 -0.106409 -0.463373 -0.293546 -0.515531 -0.500603 0.238256 0.089357 -0.183551 0.09823 -0.293291 0.012008 -0.356966 0.027752 -0.434344 -0.197081 0.634796 
right -0.169952 0.638275 -0.162271 0.42637 0.225623 -0.219205 0.315785 -0.11771 -0.478965 0.000422 0.085119 -0.481957 -0.171482 0.145991 0.028459 -0.239994 0.359601 0.070622 -0.375701 -0.066573 -0.266055 0.11292 0.219284 0.059998 -0.081749 -0.185618 0.029777 0.183106 0.245595 0.051873 -0.059362 0.056581 
similar -0.113263 0.302874 -0.092933 0.222952 0.131413 0.264287 0.275881 0.31862 0.001187 -0.231746 -0.007471 -0.517585 0.092869 -0.009647 0.101455 0.033545 0.26161 -0.10725 -0.007071 -0.18899 -0.272519 0.114839 0.027931 -0.139819 -0.08493 -0.383656 0.213424 0.160726 0.137954 -0.126021 -0.201829 -0.012023 
last -0.180133 0.448028 -0.050128 0.363441 0.096722 0.596709 0.309449 0.039664 0.030325 -0.357981 0.097261 -0.781722 -0.120723 0.253067 0.155135 0.092988 0.122199 -0.245911 0.138901 -0.460772 0.35624 0.212565 -0.130977 -0.266769 -0.040124 -0.251546 -0.007305 0.15772 0.348385 -0.107543 -0.007888 -0.321514 
different -0.134336 0.357894 0.092445 0.211583 -0.0701 -0.073009 0.340496 0.144632 -0.322025 0.136406 -0.146669 -0.173699 -0.021827 0.15541 -0.021325 -0.019646 0.39173 -0.089402 0.090106 -0.029415 -0.515166 0.026179 -0.096498 -0.280118 -0.185092 -0.621993 0.355459 0.08811 0.339445 -0.088161 -0.189628 0.193684 
fine -0.005941 0.529591 -0.22016 -0.02634 0.198906 0.242759 0.347394 -0.209473 -0.26425 -0.120603 0.145405 -0.084952 0.196657 0.173572 -0.057957 -0.213853 0.083189 -0.017764 -0.018049 -0.187965 -0.019213 0.121048 0.329956 -0.310705 -0.128348 -0.197583 0.010378 -0.167285 0.250003 -0.290946 -0.035421 -0.114512 
bowl -0.258505 -0.168844 -0.029513 -0.102744 -0.293608 -0.38307 0.533331 -0.804884 -0.150542 -0.089841 0.454798 -0.469755 0.109692 0.566415 0.201116 -0.816692 0.275458 -0.402716 0.35847 -0.186858 0.300087 -0.206023 0.126659 -0.652382 0.370478 0.132646 -0.56154 0.440327 -0.257728 -0.32741 0.197149 -0.009242 
electronic -0.029654 -0.10132 0.126677 0.41791 0.283141 -0.117482 0.410473 -0.044193 0.096691 -0.088757 -0.204696 -0.053692 0.492939 0.241181 0.19922 -0.005269 -0.463968 0.162638 0.407946 -0.400748 -0.620652 -0.083549 0.015539 0.119706 0.101548 -0.167416 0.432505 -0.032747 0.134362 -0.508722 -0.798385 0.462332 
deer 0.333319 0.022053 -0.097305 -0.037637 -0.311333 -0.388174 0.090272 0.08749 -0.620272 -0.478074 -0.100312 0.341892 0.248191 0.170702 -0.181558 -0.573534 0.285354 -0.293294 0.096497 -0.076251 0.110393 0.142711 0.117743 -0.436201 0.635205 -0.457565 -0.346511 0.12445 -0.87119 0.099915 0.11853 -0.400441 
big -0.183616 0.385876 -0.112999 0.431802 0.297347 0.123244 0.235196 -0.086519 -0.269574 0.090649 0.10235 -0.505425 -0.027677 0.351539 -0.268797 -0.091134 0.267892 0.060596 -0.005927 -0.131282 -0.298915 -0.204388 0.003724 -0.194217 0.15569 -0.279538 0.191819 0.278322 0.120466 0.180488 -0.440629 -0.039162 
green 0.205195 0.196031 -0.364163 0.043716 0.015418 -0.029147 0.055379 -0.059539 -0.367479 -0.672662 -0.206507 -0.197389 0.127336 0.307983 -0.111535 -0.34143 0.544386 0.195603 0.132891 -0.315043 0.136836 -0.087568 0.3428 -0.116863 0.065289 -0.295792 -0.133128 0.057526 -0.14415 -0.224951 -0.133183 -0.219803 
table -0.169059 0.440665 -0.092402 0.213268 -0.113695 -0.058769 -0.094026 -0.182737 -0.702766 -0.120935 0.032588 -0.305812 -0.097347 0.49983 0.429287 -0.170815 0.229699 0.111544 0.476949 -0.425057 -0.028858 0.14087 -0.138638 -0.089981 -0.238821 -0.252584 0.090737 0.188018 0.239661 -0.060762 -0.160514 0.156035 
late -0.431316 0.0112 -0.188952 0.42791 0.062405 0.725362 0.204155 0.12057 -0.010615 -0.301142 0.079652 -0.907114 0.069178 0.333556 -0.046375 0.000519 0.024566 -0.186989 0.067729 -0.38657 0.23129 0.136869 0.044244 0.256869 -0.202128 0.320088 0.245145 -0.076211 -0.136772 -0.240662 -0.513739 -0.146236 
educational -0.01113 -0.124392 0.287417 0.523315 -0.102011 -0.087237 0.319373 0.383248 -0.064057 0.276785 0.099603 0.412185 0.148832 0.492499 0.587333 0.140418 -0.194554 -0.172099 0.048963 -0.290807 -0.797924 -0.063129 0.474182 -0.526602 0.002874 -0.05802 0.151004 -0.577668 0.033549 -0.291047 0.371689 0.590632 
parsley 0.250874 0.020394 -0.653566 0.089466 0.054885 -0.456831 0.258318 0.017534 -0.294674 -0.628599 -0.534624 0.648223 0.096464 0.108464 -0.340685 -0.340832 0.728288 0.221023 0.245399 0.218264 0.350693 0.17148 0.450615 -0.682543 0.5029 -0.017058 0.028398 -0.015387 -0.19633 -0.229864 -0.599316 -0.215813 
real 0.131933 0.89666 0.261224 0.44007 0.14693 0.102096 -0.261386 0.070025 0.18151 0.32269 0.207163 -0.155914 0.104365 0.212854 -0.150527 -0.198 0.186976 -0.12346 0.095001 -0.641274 -0.124683 -0.253661 0.053664 -0.078005 0.206342 -0.021263 0.347498 0.552705 0.279134 0.229585 -0.016646 -0.051567 
fox 0.593605 -0.430478 0.102678 0.569822 -0.162933 -0.001821 0.192879 0.122292 -0.16963 0.009955 0.073965 -0.540303 0.286504 0.10059 -0.117413 -0.119503 -0.222989 -0.334395 0.329579 0.041276 0.178592 -0.116282 -0.10189 -0.082208 0.20131 -0.462015 -0.2469 -0.154295 -0.069881 -0.021331 -0.341231 0.349995 
specific -0.121453 0.439469 0.031398 0.209081 0.082578 -0.088846 0.217475 0.421749 -0.26982 0.018097 0.106654 -0.11749 -0.093065 -0.10751 0.403251 -0.061741 0.305233 -0.039787 -0.142387 -0.122158 -0.614214 0.117083 0.244146 -0.272035 -0.259713 -0.461943 0.306597 0.218271 0.364428 -0.176553 -0.36037 0.368682 
saw -0.400819 0.312382 -0.21701 0.31423 0.239773 0.532025 0.111711 -0.033873 -0.21563 0.070586 -0.043994 -0.614196 -0.01397 0.228358 -0.186043 -0.12558 0.180226 -0.167989 0.036503 -0.36347 -0.051103 -0.198396 0.026994 0.027439 0.052689 -0.079643 0.331435 0.013609 0.12202 0.060997 -0.475491 -0.27401 
long -0.377084 0.160513 -0.109912 0.430203 0.197796 0.23461 0.08122 0.108404 -0.29593 0.070524 0.140186 -0.5837 -0.204983 0.291559 -0.161653 -0.06709 0.158802 -0.064439 -0.197602 -0.098611 -0.122877 -0.142001 0.171411 -0.050685 -0.032782 -0.355357 0.252959 0.127815 0.109073 0.093407 -0.217041 -0.159512 
national 0.147144 0.162826 0.110844 0.524803 0.375983 0.178886 0.26269 0.215869 -0.08244 -0.389472 0.051163 -0.502464 0.135607 0.327894 -0.043367 0.023757 0.234059 0.174373 0.02067 -0.628384 -0.2212 0.061137 0.054928 -0.120693 -0.082931 -0.007921 -0.00287 0.185421 0.065594 0.183616 0.354506 0.369734 
american 0.071987 0.044173 -0.177878 0.277215 0.006554 -0.021949 0.155147 -0.129471 0.192359 -0.090809 -0.166372 -0.742183 0.038736 0.309913 -0.046795 -0.089132 0.193699 0.066544 0.007404 -0.551763 -0.395744 0.22637 0.102688 -0.148638 0.369218 -0.301378 0.076947 -0.105319 0.08368 -0.030105 -0.307285 0.403956 
direct 0.020403 0.212532 0.254856 0.492105 0.138334 0.171689 0.027443 0.268307 0.043153 -0.191568 0.134025 -0.385718 0.279586 0.227632 0.257036 0.250058 0.105655 0.196878 -0.094122 -0.214362 -0.584273 -0.108234 0.185714 -0.116458 0.128597 -0.268661 0.378752 0.065156 0.111021 -0.007118 -0.181691 0.110426 
final 0.306098 0.664846 -0.258134 0.210525 0.016349 -0.053071 -0.033809 -0.010586 -0.014176 -0.111428 0.311043 -0.641689 0.016357 0.369738 0.391679 -0.491283 0.040798 0.127923 0.122071 -0.700389 0.15702 0.043307 -0.144434 -0.034163 -0.167887 0.06968 0.072658 0.627694 0.659405 -0.206366 0.131552 -0.063119 
online 0.221851 -0.003528 0.366474 0.651677 -0.29953 -0.050966 0.481245 -0.031823 -0.034339 0.212177 0.16243 -0.215311 0.310395 0.114213 0.251509 0.04671 -0.408161 0.026262 0.479045 -0.128925 -0.609839 -0.007976 0.162324 -0.315441 0.128009 -0.267865 0.050911 0.001203 0.005361 -0.248198 -0.626865 0.62197 
carrot 0.306153 0.234077 -0.071031 0.217331 -0.061377 -0.53873 0.130273 -0.160653 -0.552006 -0.567948 -0.085608 0.00264 0.006225 -0.006121 -0.220913 -0.371336 0.612908 0.32044 0.137634 0.219503 0.189436 -0.191852 0.274401 -0.194294 0.296069 -0.222685 -0.053711 -0.014874 -0.233565 -0.22964 -0.335157 -0.362348 
french 0.110546 0.371187 -0.024769 0.203063 0.386528 0.329959 0.054601 0.068871 0.046273 -0.232531 0.383283 -0.702735 0.431936 0.14889 -0.220703 0.156092 0.339736 0.359921 0.055949 -0.227291 -0.153449 0.454069 -0.202281 0.12957 -0.133042 0.016126 0.449302 -0.08617 0.179148 -0.003758 -0.186316 0.095341 
jar 0.180044 0.077878 0.109489 0.415887 -0.259092 -0.398781 0.142818 -0.082787 -0.562092 -0.317451 0.118016 -0.050558 0.075547 -0.55773 0.052856 -0.492929 -0.028327 0.177168 0.199246 0.188384 0.066572 0.033751 -0.018234 -0.104061 0.177227 0.001632 -0.158801 -0.118651 -0.387469 -0.451732 -0.286032 -0.60471 
low -0.955017 0.227583 0.058721 0.16046 0.107416 0.601558 0.068932 0.149035 -0.119319 0.035601 -0.195129 -0.332524 0.170615 0.366303 -0.206515 -0.181393 0.082257 -0.157619 0.018652 -0.486806 0.19515 -0.327543 0.417755 -0.006056 -0.174086 0.044334 0.433996 -0.008598 -0.03243 -0.036309 -0.348057 -0.450289 
whale 0.534885 -0.046402 0.186308 -0.254793 0.061469 -0.248206 -0.428157 0.200392 -0.478593 -0.447161 -0.450142 -0.020862 0.095617 -0.103658 0.041488 -0.62613 0.456762 -0.128513 -0.055268 0.182568 0.201475 0.133317 0.305166 -0.642671 0.637582 -0.774584 0.130791 -0.052768 -0.435215 0.068904 -0.135514 -0.492061 
cannon -0.010711 -0.49148 0.268398 0.009583 0.404769 -0.167288 0.294708 -0.239115 -0.254115 -0.129963 -0.147821 -0.309121 0.041987 -0.443475 -0.114551 -0.583792 0.003194 0.077093 -0.082907 0.04803 0.042544 -0.088214 -0.161066 0.46343 0.411031 -0.449942 -0.036751 0.143884 -0.006181 -0.665749 0.114828 -0.379618 
owl 0.348224 -0.278916 0.214022 -0.011156 -0.362768 -0.507055 -0.029813 0.076977 -0.6624 -0.262739 -0.110691 0.213689 0.183598 -0.038806 -0.10587 -0.401076 0.022033 -0.143033 0.106866 -0.006947 0.216509 0.045247 0.118088 -0.454178 0.327389 -0.53803 -0.033573 -0.232281 -0.21671 -0.109885 -0.131382 -0.092796 
chair 0.246438 -0.006632 0.043289 0.311999 0.337271 -0.052915 0.630675 0.062009 -0.258848 -0.135333 0.141867 0.093349 0.163837 0.121273 0.154992 -0.32691 0.208007 0.015421 -0.254285 -0.426027 0.447484 0.030104 0.270061 -0.002635 -0.25481 0.000368 -0.129098 -0.415415 0.158172 -0.293236 0.385081 0.351747 
villa 0.262049 -0.010605 -0.162377 -0.280682 0.006113 0.29306 0.126186 -0.371814 -0.151701 0.091814 0.681869 -0.174393 0.58065 0.348973 -0.009812 -0.266834 0.196459 -0.205338 0.211443 -0.136794 0.257629 0.784419 -0.00368 0.252288 0.123731 0.103927 0.022347 0.193887 0.065591 0.3249 0.169944 0.109836 
average -0.800832 0.80233 0.438562 0.022376 -0.391305 0.116867 -0.067496 0.368596 -0.216166 -0.168789 -0.762997 -0.158649 0.386351 0.183929 0.020941 0.186532 -0.065431 -0.235642 0.408364 -1.081331 0.211172 -0.137731 0.052725 0.213562 0.314889 -0.347865 0.099324 0.297975 0.302259 -0.180356 0.326331 0.012644 
ambulance 0.347669 0.002018 0.194662 0.204792 0.302743 0.32231 0.223131 -0.206043 -0.19552 -0.156645 0.267756 -0.183002 -0.018237 -0.043902 0.105399 -0.485767 -0.257905 -0.303134 -0.418622 -0.048573 -0.176345 0.08115 -0.00732 0.405429 0.375818 -0.6245 0.081499 -0.218664 -0.204974 -0.761167 0.17782 0.300531 
joint 0.307155 -0.120145 -0.065811 0.64556 0.588947 -0.063361 0.370195 -0.143445 0.29584 -0.507619 0.111906 -0.40938 0.455895 0.221381 0.150131 0.179801 -0.049897 0.745652 -0.174073 -0.190019 -0.53098 0.412032 0.047747 -0.14946 0.185133 -0.129746 0.089111 0.113962 0.339016 0.197649 -0.522915 0.182037 
lion 0.33434 0.335789 -0.279785 0.132979 0.014527 -0.193857 0.241465 -0.050994 -0.276061 -0.278111 -0.207421 -0.227286 0.195706 0.076869 -0.076013 -0.054853 -0.049175 0.203104 0.184739 -0.364426 0.095681 0.155729 0.181597 -0.086011 0.677995 -0.128534 -0.192288 -0.269295 0.089985 0.014541 -0.237246 -0.244067 
young -0.001298 0.360923 -0.055311 0.333783 0.057025 0.206005 0.288512 -0.141928 -0.139623 -0.148471 0.107429 -0.184496 -0.016242 0.026347 -0.324839 -0.339784 0.395969 -0.237346 -0.002215 0.140702 -0.184121 0.013506 -0.066402 -0.072405 0.416895 -0.173493 0.009014 -0.303185 0.079009 -0.057194 0.169653 0.328224 
contemporary 0.194921 -0.340644 0.093662 0.007566 -0.250838 -0.184451 0.401427 0.408676 -0.130897 0.530826 -0.010498 0.111524 0.209826 0.174804 -0.244869 -0.078346 0.189955 -0.193172 0.338097 0.208936 -0.319393 0.201523 -0.047425 -0.457359 -0.1486 0.212092 0.2223 -0.746586 0.333279 -0.339407 -0.115063 0.053004 
historical -0.040517 0.08211 -0.021738 0.10791 -0.214935 0.042008 0.126902 0.502577 -0.235447 0.530869 -0.170179 -0.012167 0.035839 0.128889 0.335398 0.265051 0.131392 -0.403584 0.163678 -0.454795 -0.431242 0.10601 0.053549 -0.355939 0.020148 0.027901 0.188757 -0.230117 0.158115 -0.120833 -0.023018 -0.095756 
sieve -0.568381 -0.393576 0.498134 -0.181886 0.199929 -0.559746 0.007469 0.286817 -0.549358 0.263379 -0.297932 0.711964 0.188777 -0.545944 0.076351 -0.523993 0.31465 0.29512 0.046024 -0.115947 0.124742 0.224983 0.062625 -0.262336 -0.360146 -0.578608 0.083516 0.227532 0.120296 -0.395717 -0.250911 -0.096479 
italian 0.086869 0.327845 0.009753 0.18582 0.21646 0.390174 0.054906 -0.055063 0.026265 -0.145194 0.493114 -0.686232 0.383486 0.080863 -0.238633 -0.084218 0.159379 0.140544 0.210402 -0.41137 -0.052895 0.485569 -0.155361 0.126892 -0.252812 0.053933 0.476485 0.035054 -0.07994 0.185639 -0.053474 0.09914 
nuclear 0.150442 -0.349418 0.430049 0.319345 0.438967 0.012795 0.215164 -0.162372 0.45513 -0.20453 0.05159 -0.480176 -0.227134 0.065048 0.612793 -0.37647 0.18645 0.284217 -0.545788 -0.416762 -0.566093 0.406993 0.362629 -0.118871 -0.102863 -0.457876 -0.102248 0.213079 0.257418 -0.474369 -0.200124 -0.248768 
complete 0.083175 0.334144 0.001767 0.412467 0.212023 -0.006351 0.352334 -0.038629 -0.078734 -0.061274 0.275674 -0.398786 0.039364 0.115058 0.485024 -0.019077 0.072098 0.047403 -0.073038 -0.194843 -0.216606 0.165354 0.116555 -0.129721 -0.212575 -0.418544 0.092755 0.142783 0.325251 -0.173783 -0.225854 -0.044719 
scarf 0.002567 0.343751 -0.29107 -0.086512 0.189632 -0.519573 0.412837 -0.070839 -0.856214 -0.594074 -0.18408 0.095374 0.124377 -0.033626 -0.352659 -0.839085 0.292835 0.176695 0.120298 0.09674 0.280068 -0.134197 -0.066703 0.18398 0.372172 -0.069409 -0.087758 -0.462461 -0.358175 -0.669834 0.139028 -0.311248 
mental -0.354568 0.346413 0.286832 0.348667 0.31283 -0.245956 0.16901 0.318498 0.00057 -0.062385 0.137189 0.222979 -0.175293 -0.266528 0.216234 -0.558863 0.062182 -0.731422 -0.23492 0.028415 -0.527769 0.01778 0.187982 -0.26647 -0.124769 0.029108 -0.009439 -0.526279 -0.014205 -0.178615 0.146439 0.160852 
ferry 0.454193 -0.46073 -0.07574 0.177483 0.217056 0.370406 -0.010883 0.088036 -0.215544 0.211865 0.133801 -0.136426 0.587795 0.514722 0.102353 -0.261419 -0.302946 0.245642 -0.359171 0.018879 -0.032155 0.459666 0.006704 0.373947 0.354746 -0.796034 0.163438 0.343511 -0.128415 -0.202494 -0.091772 -0.202276 
scottish 0.351918 0.078485 -0.434606 -0.25967 0.087975 -0.235573 0.576014 0.205229 -0.150458 0.062783 0.228658 -0.172097 0.313974 0.462688 0.186378 -0.261933 0.251054 -0.02089 0.274127 -0.10603 0.176524 0.189305 0.066787 0.045346 0.604315 0.037078 0.234739 0.145102 0.232087 0.271565 0.348059 0.114098 
stove 0.037621 -0.026815 -0.104093 -0.177388 0.189806 -0.077254 0.618695 -0.391726 -0.376898 -0.389669 -0.072862 0.496915 0.124991 0.036494 -0.107355 -0.811672 0.154999 0.273385 -0.220577 0.035804 0.166238 0.005625 0.317049 -0.074008 0.105022 -0.170403 0.082645 0.074419 -0.195037 -0.844481 -0.571098 -0.684082 
beaver 0.445087 -0.455729 -0.07414 0.417918 0.02018 -0.139086 -0.065901 0.005212 -0.176175 -0.083362 -0.341624 0.099189 0.237954 0.38984 -0.158189 -0.366998 0.129894 -0.164709 -0.080383 -0.056291 0.237425 -0.020246 0.42809 -0.322462 0.500055 -0.592543 -0.349508 0.030626 -0.287923 -0.111248 0.21575 -0.221539 
lizard 0.524813 -0.004786 0.11731 -0.102328 -0.088994 -0.681956 -0.175298 0.079223 -0.841034 -0.261347 -0.46956 0.012863 0.274909 -0.415438 -0.393396 -0.533226 0.245943 -0.165937 0.099755 -0.059487 0.074492 0.183798 -0.121714 -0.337687 0.460959 -0.244022 -0.207875 -0.122854 -0.572477 0.138391 -0.222375 -0.580849 
blue -0.372101 0.116039 -0.191265 0.307687 -0.064005 0.011675 0.410961 -0.044525 -0.473283 -0.306425 -0.609752 -0.417641 0.371971 0.348273 -0.279567 -0.272866 -0.035828 0.100384 0.5578 -0.532757 0.080036 -0.238919 0.024078 0.267193 0.408484 -0.052232 0.277535 0.179689 -0.423013 -0.046972 -0.319938 0.006059 
spinach 0.240602 0.098074 -0.237617 -0.269492 -0.397554 -0.586103 0.182665 0.064971 -0.526698 -1.022746 -0.36019 1.003472 0.152792 0.149495 -0.505852 -0.545828 1.042138 0.335953 0.221668 0.220221 0.277684 0.174994 0.636779 -0.709799 0.448533 -0.116259 0.16162 0.169857 -0.605015 -0.345078 -0.536309 -0.562267 
frog 0.435898 0.154874 0.186507 -0.027036 -0.280972 -0.648072 0.085647 -0.11495 -0.703156 -0.536853 -0.22635 -0.036737 0.223977 -0.151707 -0.225948 -0.543815 0.351958 -0.101611 0.223383 0.130308 0.211883 0.01167 0.103559 -0.24808 0.324769 -0.392378 -0.253878 -0.022614 -0.437854 0.00398 -0.173296 -0.418806 
annual 0.036538 0.915654 0.368427 0.434611 0.259065 0.348207 0.12069 0.430007 0.070583 -0.150255 -0.041784 -0.329857 0.353928 0.349891 0.31326 0.093697 -0.079765 0.074057 0.189149 -0.700968 0.185083 0.009327 0.078451 -0.532151 0.01341 -0.425518 0.007889 -0.040308 0.450807 -0.054698 0.188335 -0.200438 
small -0.13377 0.281185 -0.073451 0.373453 0.239109 0.355973 0.294056 0.114473 -0.172827 -0.153575 -0.052503 -0.178393 0.033253 0.250398 -0.189441 -0.040955 0.169924 0.015162 -0.014509 -0.157066 -0.483073 -0.061231 -0.064962 -0.096476 0.139649 -0.44256 0.345976 0.216534 -0.14685 -0.016145 -0.212905 -0.139624 
cow 0.087839 0.556692 0.048344 0.066386 0.276932 -0.015295 -0.19023 0.179898 0.070399 -0.75993 -0.112025 -0.238492 -0.471295 -0.181202 0.152379 -0.662406 0.739931 -0.199544 0.348948 -0.114465 -0.263358 0.276182 0.653264 -0.254118 -0.165611 -0.039688 0.021394 -0.37264 -0.473991 -0.382326 -0.489532 -0.531424 
missile 0.039291 -0.724286 0.8733 0.119718 0.342306 0.111612 0.069553 -0.012611 0.098048 -0.26046 0.034414 -1.024517 -0.257852 -0.332983 0.336468 -0.638887 -0.012438 0.308906 -0.474907 -0.250417 -0.458336 0.318551 -0.397776 0.169744 0.275103 -0.582177 0.184778 0.208899 0.246089 -0.566759 -0.325306 -0.05816 
actual 0.10349 0.211281 0.94892 -0.446488 -0.529791 -0.28005 -0.426079 0.969672 -0.768651 -0.583457 -0.569315 -0.431778 0.692422 0.333215 -0.052261 0.873181 0.015241 -0.934165 -0.594034 -0.663805 0.357596 -0.253844 -0.166121 0.02249 -0.405068 -0.247189 -0.48269 0.572442 0.790189 -0.198662 -0.783294 -0.455155 
ant 0.367779 -0.238929 0.26966 0.252229 -0.284359 -0.448685 -0.211289 -0.128295 -0.210279 -0.061848 0.312274 -0.012696 0.479197 -0.326459 -0.453991 -0.0136 0.342248 -0.203969 0.133075 0.032675 0.269173 0.535787 0.105555 -0.299121 -0.204062 -0.141551 0.032651 0.116516 -0.378137 0.076825 -0.148352 -0.124697 
present -0.055963 0.486917 0.054393 0.333288 0.300458 0.224561 0.293294 0.185538 -0.285101 -0.074669 0.135971 -0.290571 0.004987 0.211628 0.240867 0.097724 0.273052 0.130118 -0.113704 -0.271405 -0.089137 0.100902 0.180666 -0.071047 -0.310472 -0.364506 0.274657 0.13931 0.298918 0.043504 -0.041355 -0.012632 
deep -0.090623 0.028032 -0.057397 0.424227 0.250037 0.064701 0.125087 0.059567 -0.172581 -0.116803 -0.262558 -0.37679 0.081717 0.147285 0.061419 -0.436339 0.411701 -0.085587 -0.199564 -0.043464 -0.366433 0.038569 -0.041474 -0.036481 -0.144136 -0.322798 0.002921 -0.077353 0.034444 0.075352 -0.056782 -0.546508 
hotel 0.330584 0.154974 -0.326728 0.49131 0.302781 0.249425 0.44119 -0.13005 -0.16586 -0.192604 0.128626 0.007838 0.341141 0.591954 -0.06157 -0.0183 -0.502509 0.046342 -0.073911 -0.24974 -0.233756 0.430122 -0.001736 0.170638 0.35582 -0.125636 -0.310934 -0.051191 -0.046172 -0.068919 -0.176637 -0.037267 
indian -0.081274 -0.145549 0.047086 0.383884 -0.078618 0.408885 0.061715 0.227058 -0.300848 -0.761516 -0.287748 -0.360722 0.113419 0.396086 -0.001441 -0.063579 -0.150864 0.182673 -0.218935 -0.471904 -0.187326 0.146771 0.035043 -0.171061 0.305366 -0.139207 0.439368 -0.153085 0.02426 0.381826 -0.064909 0.162699 
elephant 0.325858 0.067743 6.8e-05 0.079247 -0.043869 -0.205294 0.135951 0.011428 -0.646445 -0.189837 -0.23386 -0.130295 0.07487 -0.04104 -0.119438 -0.495518 0.04739 -0.045972 0.023559 0.159936 0.082182 0.092048 0.0745 -0.237455 0.398177 -0.229263 -0.045485 -0.216321 -0.267274 -0.032488 -0.002574 -0.462712 
popular 0.168517 -0.017144 0.189721 0.340307 -0.027298 0.231252 0.653013 0.197879 -0.110023 -0.104963 0.132859 -0.461324 0.091765 0.194252 -0.399105 0.033508 0.395054 0.060211 0.209842 0.10335 -0.360283 -0.123015 -0.037765 -0.054639 -0.074633 0.059426 0.076553 0.029714 0.002635 0.019488 0.110355 -0.079774 
axe 0.113881 0.105857 -0.126378 0.327788 0.304904 -0.178824 0.341606 -0.126751 -0.421017 -0.024538 0.045749 -0.28998 0.19082 -0.201136 0.091323 -0.34351 -0.046616 0.151348 0.116792 0.028338 0.029442 0.089379 -0.011979 0.227932 0.297627 -0.231643 -0.025408 0.114647 -0.144368 -0.29599 -0.025978 -0.35807 
butterfly 0.244232 0.02339 0.141477 -0.371877 -0.027154 -0.339928 0.162336 -0.185892 -0.411957 -0.29147 -0.044683 0.03555 0.303594 0.07171 -0.374602 -0.497911 0.158955 0.111117 0.41596 -0.075526 0.153634 0.270574 0.027546 -0.520714 0.107749 -0.287824 -0.123698 -0.417878 -0.109473 0.201266 0.16945 -0.58423 
screwdriver -0.151142 0.102213 0.175759 0.112021 0.351519 -0.545929 0.431621 -0.227932 -0.681305 -0.182168 0.087701 0.093994 0.504034 -0.475759 -0.062597 -1.076302 -0.144306 0.166729 -0.013847 0.409794 0.08889 -0.057216 -0.078405 0.293884 0.148075 -0.011171 -0.316865 0.067965 -0.33419 -0.808155 -0.307561 -0.211934 
full 0.277362 0.61867 -0.078898 0.065356 0.238461 -0.407632 0.026457 0.263201 -0.20165 -0.29185 0.24666 -0.351857 0.020558 0.52223 0.398739 0.504735 -0.177612 -0.05951 0.005954 -0.542427 -0.11321 0.157428 0.0359 -0.037953 0.283834 -0.330783 -0.149054 0.354057 0.687722 -0.189109 -0.30104 -0.110679 
existing 0.011594 0.403951 0.050168 0.450622 0.234455 0.005184 0.281407 0.246137 0.112808 0.038282 0.030944 -0.062768 0.294088 0.328574 0.403893 0.066671 -0.16943 0.379124 -0.078369 -0.247244 -0.56535 0.027744 0.315155 -0.082031 0.170232 -0.586519 0.266705 0.31663 0.231115 -0.299511 -0.163857 0.04874 
disabled -0.042327 0.223154 0.396969 0.190557 0.067179 0.046767 0.288236 -0.032421 -0.099809 -0.097326 0.172303 -0.107515 -0.021852 -0.093391 0.207291 -0.452607 -0.017645 -0.322274 -0.183536 0.281472 -0.472692 -0.047505 0.087464 0.061508 0.326807 -0.539442 0.183652 -0.056036 -0.151506 -0.426276 0.406079 0.209363 
daily 0.081729 0.21058 0.426677 0.364305 0.115192 0.640417 -0.17363 0.215139 -0.49444 -0.526726 -0.071423 -0.398376 -0.001539 0.416923 -0.123715 0.236517 -0.041215 0.168905 0.375371 -0.568327 -0.166088 0.312393 -0.103789 -0.126031 -0.195572 -0.113181 0.129125 -0.316952 0.106391 -0.229147 -0.194182 0.102287 
cheap -0.22577 0.41486 -0.003634 0.166172 0.083634 0.135229 0.2662 0.083612 -0.187343 0.101298 -0.003491 -0.153438 0.015523 0.399331 -0.451444 -0.145061 0.256388 0.203284 0.073129 0.030549 -0.504622 -0.365783 0.397109 -0.123076 0.226905 -0.423448 0.49147 0.067422 -0.150407 -0.130364 -0.559144 -0.192815 
guitar 0.138063 -0.362705 -0.292284 0.028312 0.029951 -0.569705 0.058968 -0.135227 -0.0575 0.181938 -0.051163 -0.145517 1.086228 0.055045 -0.664471 -0.521006 0.479382 -0.097781 0.43513 0.798905 0.224189 -0.240533 -0.069887 -0.051806 -0.020497 0.070493 0.02135 -0.305698 0.315569 -0.644749 -0.524325 0.044071 
helicopter 0.215141 -0.574231 0.286613 0.113239 0.316017 0.354419 0.032657 -0.213699 -0.182671 -0.350226 0.199882 -0.684694 0.004045 -0.099343 -0.015492 -0.470008 -0.186942 -0.011948 -0.553813 0.013014 -0.173983 0.337605 -0.568732 0.436799 0.413876 -0.514214 0.131947 0.148744 -0.056855 -0.536046 -0.046409 -0.098988 
external -0.092366 0.494072 0.626263 0.43723 0.21338 0.05562 -0.610062 0.487166 -0.084307 -0.134877 0.168375 -0.084033 0.417762 -0.119594 0.262293 0.01493 0.087681 0.129765 0.014242 -0.469968 -0.509002 -0.434339 0.204385 -0.141757 -0.0804 -0.042377 0.393843 0.022426 0.115828 -0.124391 0.155367 -0.144111 
british 0.309906 0.110709 -0.171328 0.324698 0.265815 0.144422 0.363698 0.26348 0.082356 -0.342608 -0.092621 -0.615835 0.129601 0.132932 0.039344 0.008722 0.141467 0.336037 0.023031 -0.28705 -0.137636 0.168477 -0.017086 0.083227 0.362605 -0.205294 0.332529 -0.06893 0.278149 0.086338 -0.283122 0.131274 
salmon 0.321645 0.038979 -0.311198 0.13311 -0.207378 -0.129342 -0.129509 0.295973 -0.018722 -0.346624 -0.180263 -0.062592 0.37474 0.341034 -0.095052 -0.501756 0.667858 0.084945 -0.13889 0.020593 -0.026233 0.170092 0.425835 -0.61533 0.308671 -0.391455 0.137223 0.26397 -0.528098 0.047764 -0.190566 -0.44972 
third -0.102452 0.588238 -0.031651 0.186751 0.169808 0.141914 0.287062 -0.448309 0.079634 -0.030484 0.000253 -0.728406 0.271081 0.284536 0.393157 0.066823 0.246647 -0.304162 0.251861 -0.683106 0.039399 0.104746 -0.228321 -0.289353 0.081958 -0.031113 -0.102178 0.278413 0.216676 0.034264 -0.211174 -0.290406 
busy -0.069041 0.097111 -0.14238 0.317114 0.062352 0.586512 0.24651 -0.054354 -0.434997 0.213309 0.104442 -0.290214 0.028166 0.515325 -0.077327 -0.242026 -0.065435 -0.247712 -0.028664 -0.087154 -0.216512 -0.129611 -0.074255 0.203201 0.034929 -0.354778 0.271676 0.01051 -0.225499 -0.169544 -0.342854 -0.205778 
garlic 0.096592 0.049692 -0.168005 -0.273159 -0.317849 -0.507091 0.150463 -0.012302 -0.530461 -0.987144 -0.329788 0.754579 0.088767 0.105279 -0.334816 -0.671477 0.953571 0.354129 0.1373 0.019192 0.269318 0.187254 0.478956 -0.741833 0.464994 0.05879 0.265836 -0.002 -0.638858 -0.370311 -0.638142 -0.65463 
phone 0.080948 0.22191 0.359636 0.871286 0.155813 0.021602 0.243154 -0.270865 -0.02995 -0.12018 0.171969 -0.254208 0.34905 0.081435 -0.036917 0.10589 -0.405995 0.369503 0.266128 -0.178886 -0.538562 0.270593 -0.285773 0.1972 0.186283 -0.650706 0.012203 0.227727 0.112289 -0.189523 -0.62274 0.496897 
cat 0.299789 0.247155 0.195052 0.169818 -0.181874 -0.365226 0.10996 -0.154411 -0.566618 -0.405985 -0.046937 -0.111524 0.14952 -0.218788 -0.291397 -0.437817 0.119351 -0.086435 0.115391 0.122379 0.217999 -0.080797 0.223178 -0.219693 0.353921 -0.317101 -0.217025 -0.32211 -0.295459 -0.122609 -0.251517 -0.272979 
bed 0.150549 0.381433 -0.151144 0.406622 0.168357 -0.039465 0.095197 -0.344225 -0.514525 -0.147669 -0.08332 0.213584 0.191585 -0.026695 -0.107326 -0.67635 -0.060947 -0.221998 -0.165305 0.281246 0.226126 0.246955 -0.048278 0.139437 0.093865 -0.455285 -0.078052 -0.340254 -0.201763 -0.363157 -0.136407 -0.402056 
cedar 0.248694 -0.359977 -0.713233 0.2569 -0.14163 -0.061385 -0.248133 0.067061 -0.288615 -0.06199 -0.3195 0.280158 0.16637 0.52663 -0.052584 -0.467955 -0.092865 -0.298161 -0.151156 -0.25985 0.189008 0.309209 0.777578 -0.22994 0.260544 -0.338452 -0.352585 0.212286 -0.461185 -0.327317 0.110656 -0.547299 
entire 0.178057 0.412886 -0.016722 0.506153 0.034901 0.180933 0.189514 0.069375 -0.260775 0.126977 -0.095346 -0.474963 0.08894 -0.05116 0.68771 -0.192399 -0.241058 -0.037241 0.054138 -0.310174 -0.341944 0.266186 0.290289 -0.04616 0.026829 -0.45255 0.062839 0.074051 0.09398 0.135635 -0.033194 -0.293561 
bottle 0.13959 0.43884 -0.188885 -0.061678 0.182 -0.319562 0.354817 -0.279549 -0.418422 -0.481257 -0.221645 0.071833 0.270899 -0.098405 -0.319151 -0.614714 0.090415 0.336306 0.027718 0.096644 0.174255 0.124918 0.283019 -0.102256 0.054607 -0.243365 -0.094095 0.007764 -0.014377 -0.539834 -0.32836 -0.46805 
cherry 0.486661 -0.194458 -0.377824 0.04215 -0.048278 -0.308951 0.05967 -0.075868 -0.306952 -0.226358 -0.16351 0.064387 0.461327 0.274409 -0.348909 -0.456878 0.239853 -0.263227 0.096326 0.120042 0.33069 -0.14928 0.361339 -0.37676 0.379976 -0.342967 -0.23598 -0.034459 -0.231695 -0.311276 -0.061544 -0.127847 
bag -0.01435 0.365559 -0.009129 -0.354836 0.143853 0.378623 0.02077 -0.422049 -0.601634 -0.854132 -0.140897 -0.004159 0.058115 -0.094443 -0.3067 -0.495255 -0.036154 0.172279 0.04248 -0.274749 0.136125 0.034534 0.449433 -0.068392 0.122056 -0.350434 -0.101681 -0.050565 0.059908 -0.563258 -0.110263 -0.576484 
van 0.297169 -0.005598 -0.235097 0.152533 0.682112 0.24746 -0.460305 -0.325658 -0.082307 -0.011271 0.687695 -0.151016 0.394738 0.013084 -0.312295 -0.149406 0.812458 0.200353 0.092721 -0.285266 0.193214 0.351384 -0.176666 0.223763 -0.071606 0.076012 0.055311 -0.0362 0.352809 0.083555 -0.486205 0.302756 
car 0.310776 0.254849 0.134186 0.11567 0.453783 0.494451 0.410381 -0.191728 0.122089 -0.297609 0.222474 -0.26333 0.238094 0.031527 -0.263432 -0.309437 -0.044017 0.2589 0.084485 -0.264514 -0.349085 -0.064576 -0.218268 0.076899 0.341087 -0.29852 0.219233 0.387155 0.057225 -0.310343 -0.351103 -0.197433 
modern 0.156291 -0.201782 0.179723 0.000483 -0.086064 -0.102708 0.504538 0.255358 -0.177302 0.279881 -0.011815 -0.033566 0.102353 0.179163 -0.010078 0.027346 0.09505 0.043729 0.04689 -0.143026 -0.475004 0.072143 -0.033228 -0.225602 0.013341 -0.170124 0.34183 -0.292563 0.157295 -0.072516 -0.012935 -0.225118 
domestic -0.419249 0.672513 0.603051 0.57057 0.203869 0.47304 -0.105086 0.245052 0.242574 -0.093549 0.045457 -0.167383 0.214853 0.241031 -0.041159 -0.066754 0.31582 0.25378 0.249836 -0.52324 -0.167765 -0.456327 -0.024812 -0.572609 0.246765 -0.232128 0.445786 0.348267 -0.099464 0.091906 -0.43749 -0.187246 
particular -0.166851 0.329106 0.01685 0.212719 0.147478 -0.035191 0.221715 0.350892 -0.160589 0.223724 0.003432 -0.256811 -0.029332 0.065486 0.122005 -0.141604 0.320689 -0.06332 -0.084965 -0.190453 -0.520368 -0.044611 0.184195 -0.273352 -0.145699 -0.226115 0.389333 0.047756 0.117831 0.047575 -0.313747 0.039673 
urban 0.201903 -0.042741 0.169112 0.642529 0.189332 0.29343 0.258691 0.42856 0.012931 0.214703 -0.175202 0.207161 0.252699 0.442155 -0.137761 0.006001 0.171026 -0.202292 0.112592 -0.210784 -0.628138 -0.184372 0.143527 -0.157829 -0.07809 -0.147718 0.0935 -0.021982 -0.158036 0.083643 0.511164 -0.173252 
frigate 0.265314 -0.87315 0.377687 -0.392934 -0.003922 -0.067605 -0.261264 -0.042102 -0.013557 -0.004193 0.177578 -0.550749 0.196982 -0.024706 0.37977 -0.39196 -0.096584 0.044101 -0.627418 0.005834 0.511114 0.444248 0.05295 0.202611 0.852258 -0.517661 0.7276 0.058173 0.014747 -0.387755 0.109848 0.013848 
simple -0.134479 0.190835 0.163951 0.14699 0.031807 -0.282405 0.324216 0.124349 -0.545848 0.185457 -0.044185 0.04367 0.091839 -0.201846 0.080153 -0.252347 0.194745 0.037927 0.159181 0.091392 -0.235822 -0.128198 0.26808 -0.120353 -0.334449 -0.274034 0.132114 0.168445 0.26717 -0.259499 -0.147844 0.041749 
new 0.139112 0.183973 -0.044984 0.385255 0.11398 0.129676 0.18559 0.092482 0.044555 0.006299 -0.088004 -0.379204 0.00882 0.616178 0.221117 0.044635 0.090438 0.043225 0.123594 -0.572009 -0.234624 -0.145292 0.426277 0.302512 0.18615 -0.232627 -0.052148 0.13641 0.035549 -0.243036 -0.210377 0.281695 
fighter 0.144229 -0.755662 0.707374 -0.130561 0.17074 -0.188478 0.239591 -0.228816 -0.064738 -0.109714 0.263894 -0.906232 -0.080048 -0.095023 0.017721 -0.388148 -0.014319 0.059006 -0.229507 -0.119019 -0.198187 -0.145342 -0.33728 0.179154 0.495504 -0.472735 0.192328 -0.033036 0.210618 -0.367126 -0.105467 -0.045882 
blouse -0.143907 0.227177 -0.296189 -0.297912 0.36791 -0.68367 0.531905 -0.029788 -1.105807 -0.916729 -0.216287 0.302753 0.280094 0.020256 -0.711905 -0.985366 0.231231 0.190451 0.162279 0.289871 0.382725 -0.188178 -0.038936 0.161892 0.359098 0.107822 -0.011446 -0.044214 -0.495678 -0.939532 0.309363 -0.281965 
rare 0.118052 0.109445 0.007164 -0.079688 -0.038528 0.011633 0.347121 0.290285 -0.221858 -0.316445 0.072295 -0.164285 -0.044002 -0.082748 -0.027081 -0.313158 0.271639 -0.227624 0.163785 -0.071427 -0.277035 0.092563 0.001536 -0.308875 -0.105844 -0.334277 0.112749 -0.105764 -0.120021 -0.031521 -0.127145 -0.220954 
horse 0.19317 0.146061 -0.132734 -0.214627 -0.068447 -0.206075 0.428957 -0.201914 -0.557128 -0.118804 0.182747 -0.200902 0.060729 0.096458 -0.036177 -0.664441 0.090854 -0.006756 0.091185 -0.026488 0.254182 -0.165967 0.16498 -0.138876 0.529535 -0.248716 -0.157292 0.04351 -0.144764 -0.088932 0.106413 -0.342414 
motorcycle 0.242552 -0.051014 0.068865 -0.217574 0.227197 0.151813 0.697033 -0.341459 -0.011228 -0.197934 0.290648 -0.276742 0.2754 -0.014836 -0.387425 -0.520057 -0.158309 -0.006196 0.16776 -0.100737 -0.142568 -0.115971 -0.138296 0.014312 0.404446 -0.223118 0.022702 0.14313 -0.00098 -0.351119 -0.083612 -0.17661 
legal -0.072488 0.338889 -0.132118 0.464058 0.408308 -0.013363 0.297497 0.444235 0.000258 -0.206505 0.316209 -0.431526 -0.079076 -0.090078 0.281746 -0.107648 0.309376 0.060273 -0.24241 -0.023096 -0.531008 0.221456 0.279295 -0.059263 -0.009158 0.142583 0.016548 0.135905 0.209517 -0.278595 0.137616 0.395733 
typical -0.110421 0.082851 0.076983 -0.051004 -0.089395 0.087933 0.200403 0.21668 -0.448736 -0.027796 -0.213316 -0.053751 0.16413 0.052836 -0.058829 -0.223387 0.075631 -0.091322 0.287677 -0.114049 -0.263235 -0.11984 0.127919 -0.287804 -0.194307 -0.415287 0.14024 -0.158751 0.039197 -0.23743 -0.117075 -0.326408 
trout 0.473149 -0.202479 -0.163189 0.085794 -0.26674 -0.183695 -0.291118 0.206288 -0.418278 -0.166316 -0.248095 0.361142 0.525519 0.279391 -0.305535 -0.593865 0.691744 -0.153019 -0.128778 0.154141 -0.098843 -0.238421 0.312639 -0.677849 0.405312 -0.543592 -0.348843 0.141156 -0.737397 -0.084411 -0.128128 -0.590044 
chinese 0.177254 0.102601 0.331841 0.411936 -0.069712 0.257168 0.502188 0.304302 -0.387681 -0.553465 -0.132242 -0.650137 -0.349709 0.443889 -0.057714 0.149278 0.218123 0.253508 -0.334401 -0.187329 -0.259971 0.113652 0.032857 -0.153689 0.365047 -0.119163 0.480304 -0.244581 -0.030182 0.128845 -0.152377 0.00168 
castle 0.307057 -0.09258 -0.251224 0.237451 0.106189 -0.023473 0.307492 0.071845 -0.414849 0.384989 0.375132 0.212596 0.17351 0.074592 0.244008 -0.154191 -0.105994 -0.006081 0.065894 -0.017319 0.37565 0.434197 -0.01312 0.395336 0.594081 0.013177 -0.027361 -0.039398 -0.459556 -0.130765 0.101717 -0.575755 
dark 0.038629 0.132979 0.010144 -0.041103 -0.322127 -0.273496 0.080629 0.002546 -0.461602 -0.45479 -0.32394 -0.289883 -0.160139 0.006775 -0.043349 -0.404431 0.434476 -0.017295 0.295128 -0.073847 0.114868 -0.023529 0.023652 0.095228 0.241901 -0.455777 -0.243163 -0.113743 -0.300778 -0.289416 -0.161295 -0.802923 
successful -0.050906 0.192554 -0.040155 0.227166 0.162627 0.020243 0.53809 0.041333 0.030468 0.092749 0.474934 -0.604282 0.109485 0.204744 0.052259 -0.027738 0.113704 -0.01159 -0.054187 -0.115984 -0.19558 -0.141201 0.109605 -0.309072 0.091547 -0.243437 0.140404 0.051157 0.217378 0.135421 -0.263415 -0.018659 
greek 0.110515 0.15058 -0.026526 0.078873 0.085973 0.156812 0.080381 0.309976 -0.350987 -0.160592 0.073178 -0.540186 -0.02915 0.26177 -0.008292 0.350224 0.226694 0.021669 0.16893 -0.350789 -0.321725 0.443452 -0.311463 -0.016748 0.130499 0.129583 0.577522 -0.238375 0.047241 0.035063 0.178431 -0.069407 
first -0.037478 0.424744 -0.08017 0.259108 0.147003 0.121027 0.222043 -0.150836 -0.006327 -0.164804 0.283741 -0.716094 0.080526 0.349727 0.455978 0.154979 0.082983 -0.231566 0.198677 -0.516464 0.208385 0.121492 -0.251643 -0.326835 0.141132 -0.312949 -0.087653 0.245939 0.409986 0.091832 0.02773 -0.119428 
nice 0.201613 0.465395 0.057346 0.09913 0.137327 0.092732 0.035314 -0.6168 -0.564727 0.347186 0.240864 -0.219252 0.07497 0.364926 -0.252303 -0.197437 0.096323 -0.22959 -0.014506 0.106418 0.071832 0.293797 0.264224 0.105387 -0.136214 -0.253991 0.115888 0.13086 0.282142 0.082589 -0.359159 -0.075656 
bad -0.1321 0.588063 -0.008649 0.402553 0.24801 0.303464 -0.102424 0.030428 -0.453911 0.146937 0.206016 -0.458333 -0.052092 0.101139 -0.209798 -0.183197 0.222821 -0.289687 -0.152979 0.049652 -0.338394 -0.258497 0.119909 -0.247407 0.087972 -0.15207 0.088685 0.091649 0.085405 0.214188 -0.427956 -0.185522 
canadian -0.123848 -0.002853 -0.091547 0.199714 -0.068229 0.414886 -0.040518 0.196492 0.025352 -0.409216 -0.111005 -0.750526 0.164932 0.318905 -0.229568 0.041288 0.190611 0.25147 -0.087983 -0.551834 -0.063751 -0.032532 0.476022 -0.205566 0.112234 -0.333619 0.299935 0.028759 -0.003204 -0.081463 -0.265096 0.276475 
stereo 0.227648 -0.369411 0.366691 0.214947 -0.013833 -0.409393 0.380111 -0.107737 -0.066446 0.096216 -0.050428 -0.039551 0.756511 -0.058945 -0.403776 -0.18581 -0.353515 0.012504 0.642096 0.679369 -0.11942 -0.090076 0.058499 0.158318 -0.4576 -0.270255 0.107335 0.265933 0.329803 -0.920653 -0.491858 -0.186884 
bomb 0.335855 -0.204607 0.24504 0.103685 0.462484 0.589644 0.266295 0.019735 -0.251403 -0.400404 0.03985 -0.664559 -0.285216 -0.335322 -0.171761 -0.620728 -0.021214 -0.34894 -0.332968 -0.047828 -0.316776 0.57195 -0.620166 0.423493 0.08972 -0.173359 -0.135857 0.261177 -0.100125 -0.65055 0.088446 -0.254896 
